[{"R": [[0.9975061390492519, 0.042563936027520004, 0.056319054141720004], [-0.057222553193280006, 0.020314372037068224, 0.998155763217996], [0.04134131003748, -0.998888211758004, 0.022699304962932026]], "segmentation_id": 65535, "occlusion_rate": 1.0, "t": [0.41807, 0.0850671, 0.227234]}, {"R": [[-0.344358911143, -0.938700380662, 0.01604179652600002], [-0.6451298087740001, 0.249008229977, 0.722358107042], [-0.682072777438, 0.23840155268599997, -0.6913322135769999]], "segmentation_id": 64673, "occlusion_rate": 0.22859014245947273, "t": [-0.212903, 0.0345674, 0.272449]}, {"R": [[0.586281864752, -0.791394662466, 0.17311607294399997], [-0.45722379558600007, -0.49965904158399993, -0.7357230146879998], [0.668745906336, 0.3521880773279999, -0.6547851421459999]], "segmentation_id": 63810, "occlusion_rate": 0.8434940855323021, "t": [0.160604, -0.28502, 0.225614]}, {"R": [[-0.17496789743100002, -0.750405198622, -0.6373990131180001], [-0.479630512098, 0.6303380620710001, -0.610432411118], [0.8598488448020001, 0.19891001623800003, -0.47020633631099995]], "segmentation_id": 62948, "occlusion_rate": 1.0, "t": [-0.394834, 0.0284973, 0.225308]}, {"R": [[-0.87736470135791, 0.478787106354, 0.031504710585599977], [-0.393783622926, -0.6809709475940899, -0.6174232632779999], [-0.27416071621439997, -0.554111842962, 0.78599899895791]], "segmentation_id": 62086, "occlusion_rate": 1.0, "t": [-0.421658, -0.155498, 0.224249]}, {"R": [[-0.33076008082043984, -0.6703038868104, 0.6642968287608], [-0.5101762840776, -0.46518326788644004, -0.7234117049664], [0.7939255232952, -0.5781842570015998, -0.18810910891044003]], "segmentation_id": 61223, "occlusion_rate": 0.06919556279574901, "t": [0.165081, 0.0207974, 0.229212]}, {"R": [[-0.08371319109529002, -0.37389704604159996, -0.9236838522291999], [-0.1171255641344, 0.92420423302471, -0.36349263562879996], [0.9895819633228, 0.07775791208319999, -0.12116106324071002]], "segmentation_id": 60361, "occlusion_rate": 0.24091147590135675, "t": [-0.195983, -0.0940962, 0.260933]}, {"R": [[0.06063082394700001, 0.3447761675219999, 0.9367262874459998], [-0.8654496066459999, 0.485725728027, -0.12276129514199996], [-0.4973165205779999, -0.8032451378859999, 0.327835884123]], "segmentation_id": 59499, "occlusion_rate": 0.5251145823589936, "t": [-0.246287, -0.21985, 0.239432]}, {"R": [[-0.62991544032616, -0.317576396768, -0.708767185264], [0.447900132752, -0.89407951479584, 0.002538691725199993], [-0.634500718496, -0.3158578890748, 0.70543730039584]], "segmentation_id": 58637, "occlusion_rate": 0.6635243706480985, "t": [0.343934, 0.170827, 0.183067]}, {"R": [[-0.008533256023000035, 0.90244012458, 0.4307301603599999], [-0.5081987861400001, 0.367056926175, -0.7791037624520001], [-0.8611972150799999, -0.2255448967480001, 0.45548690677500003]], "segmentation_id": 57774, "occlusion_rate": 0.352011028219267, "t": [0.27287, -0.174316, 0.236367]}, {"R": [[-0.738428285594, 0.065192833088, 0.671172845816], [-0.6470041704879999, 0.211977874144, -0.7324277518339999], [-0.190022887616, -0.975097278634, -0.11435045603199995]], "segmentation_id": 56912, "occlusion_rate": 0.2987987987987988, "t": [0.271669, 0.0394945, 0.216229]}, {"R": [[0.6543894342839999, -0.38611877597399996, 0.650142498988], [-0.756144332614, -0.33906807373199993, 0.559711621716], [0.004327401732000025, -0.857871576676, -0.5138444719739999]], "segmentation_id": 56050, "occlusion_rate": 0.14609868350636845, "t": [0.144381, 0.186582, 0.202361]}, {"R": [[-0.10526373990100002, 0.30684748926800004, 0.9459194041999999], [-0.1275562859, -0.9475127006749999, 0.2931696298], [0.986229331768, -0.08979786322400002, 0.13887910127500003]], "segmentation_id": 55187, "occlusion_rate": 0.6167112184185566, "t": [0.210521, 0.105541, 0.131812]}, {"R": [[0.552293164356, 0.80271674651, -0.22498707949199995], [-0.538341092142, 0.54948161718, 0.638952205844], [0.6365235499, -0.23176901801999997, 0.73560994635]], "segmentation_id": 54325, "occlusion_rate": 0.12581190497375216, "t": [0.0117903, -0.158117, 0.26474]}, {"R": [[0.9754610910531599, 0.20281015992919998, -0.08569321376039998], [0.07763535059879999, 0.04737333269915985, 0.9958554853492], [0.20602922169559998, -0.9780712828788, 0.03046561059683986]], "segmentation_id": 53463, "occlusion_rate": 0.32091334670870353, "t": [-0.234393, 0.16481, 0.190781]}, {"R": [[0.05263276484900003, -0.48267373098199995, -0.874217774362], [0.045826752441999935, 0.875676332801, -0.48072000630199996], [0.997562307002, -0.014760932162000001, 0.06820860691099995]], "segmentation_id": 52600, "occlusion_rate": 0.8559859154929578, "t": [0.347897, 0.295242, 0.156374]}, {"R": [[-0.23877424205434994, 0.1536494329418, -0.9588427125296801], [0.03201012168859999, -0.9856212530684301, -0.1659118196288], [-0.9705477050223201, -0.07030811859039998, 0.23042255753164997]], "segmentation_id": 51738, "occlusion_rate": 0.07330189459750147, "t": [-0.0630597, 0.0926577, 0.20404]}, {"R": [[-0.25905974920600006, 0.7866373606880002, -0.560438401664], [0.520888180672, -0.374848661624, -0.766919472346], [-0.813366487216, -0.49060333936600004, -0.312641670008]], "segmentation_id": 50876, "occlusion_rate": 1.0, "t": [0.40306, -0.126955, 0.198933]}, {"R": [[-0.89118621154, -0.453042180106, 0.023223621979999998], [0.0004607598499999921, -0.052098233019999995, -0.998641566844], [0.453636794444, -0.88996515346, 0.046637984150000034]], "segmentation_id": 50014, "occlusion_rate": 1.0, "t": [-0.295777, -0.0460024, 0.195074]}, {"R": [[-0.791402188533, -0.5767648672379999, 0.202550348506], [0.07398186003400004, -0.41927819541300004, -0.904839355362], [0.6068039552819999, -0.701106170666, 0.37448748588300007]], "segmentation_id": 49151, "occlusion_rate": 0.8084256098576306, "t": [0.0427813, -0.295519, 0.215884]}, {"R": [[-0.34612349113644, 0.740573806044, 0.575978408848], [-0.765143964636, -0.57809124768556, 0.2834914169856], [0.542913808112, -0.34258299421439997, 0.76673571053556]], "segmentation_id": 48289, "occlusion_rate": 0.8453788025576439, "t": [0.0898249, 0.308997, 0.171223]}, {"R": [[0.075134639994, -0.9067794011999999, -0.41485867580799995], [0.6199270614079999, -0.28339109219999997, 0.731697850794], [-0.78105508248, -0.31215769072999994, 0.5408441103599999]], "segmentation_id": 47427, "occlusion_rate": 0.3073809075503672, "t": [-0.122468, -0.0371522, 0.192117]}, {"R": [[-0.27146572300699995, 0.910741033416, -0.31121950060799997], [-0.46120247839199996, 0.16072073206300003, 0.8726176519439999], [0.844747939584, 0.3804209019119999, 0.376405768063]], "segmentation_id": 46564, "occlusion_rate": 0.21611498257839723, "t": [-0.0871382, -0.184696, 0.183412]}, {"R": [[-0.49546185516600005, -0.667207069712, 0.55619675136], [0.8414906463999999, -0.5274908724, 0.11683073901000002], [0.215438139888, 0.5259188679660001, 0.82279906552]], "segmentation_id": 45702, "occlusion_rate": 1.0, "t": [-0.258829, -0.3064, 0.153837]}, {"R": [[0.91744597, 0.191318186124, 0.34884320207999997], [-0.28082863632, 0.93248869392, 0.227159522324], [-0.281832405876, -0.3063715444, 0.90923501232]], "segmentation_id": 44840, "occlusion_rate": 0.11392116655274553, "t": [0.00564574, -0.00346565, 0.18102]}, {"R": [[0.6840124179150001, 0.605702108228, 0.406512627696], [0.08029829178000003, 0.4913650356210001, -0.867244564328], [-0.7250377539999999, 0.6258481494000001, 0.2874628626750001]], "segmentation_id": 43977, "occlusion_rate": 1.0, "t": [-0.343773, -0.166789, 0.15313]}, {"R": [[0.18695899505600003, 0.783902352472, -0.592066407026], [0.476330781272, -0.599442168734, -0.643255211816], [-0.8591591909259999, -0.161757171416, -0.4854681210080001]], "segmentation_id": 43115, "occlusion_rate": 1.0, "t": [-0.366212, 0.126261, 0.169345]}, {"R": [[-0.365148789765, 0.808235853328, -0.46197593664], [-0.33883353252799997, -0.5775888741149999, -0.7426866964200001], [-0.86709791712, -0.11465817546000001, 0.48476314240299995]], "segmentation_id": 42253, "occlusion_rate": 0.9979568903871693, "t": [0.389454, 0.0627227, 0.124991]}, {"R": [[-0.040784062056000006, 0.3525907520019999, 0.9348876498239999], [0.9675849541619999, 0.24732555818399998, -0.05106780450399995], [-0.24922783285599992, 0.902501150016, -0.35124871168199995]], "segmentation_id": 41391, "occlusion_rate": 0.8598183245486151, "t": [-0.1114, -0.305276, 0.149404]}, {"R": [[-0.27844805484100005, 0.35721528652200013, -0.8915506802940001], [0.8053379828580001, -0.418974891929, -0.41939178461400006], [-0.5233508477340001, -0.834778997526, -0.17101640613699998]], "segmentation_id": 40528, "occlusion_rate": 0.5508696919638518, "t": [0.0664809, -0.101378, 0.188449]}, {"R": [[-0.2727831366480001, 0.9514063297260001, -0.1428789446560001], [-0.23404412225400006, 0.07842556325600003, 0.969057179208], [0.933172945336, 0.297782577552, 0.201277985154]], "segmentation_id": 39666, "occlusion_rate": 0.19500497692516516, "t": [-0.131226, 0.213536, 0.163814]}, {"R": [[0.3358537326230401, 0.02489374858159999, -0.9415858488339], [0.1435834283016, 0.98661543285246, 0.07729893876400001], [0.9309067668461, -0.16115715342, 0.32778392654496014]], "segmentation_id": 38804, "occlusion_rate": 0.924385805277525, "t": [-0.226764, 0.274996, 0.121433]}, {"R": [[0.93118365241582, 0.30219742965057994, 0.20389543497222], [-0.28375816280542, 0.24971252047418, 0.9258102351865201], [0.22886227284378002, -0.91995652073748, 0.3182792632858198]], "segmentation_id": 37941, "occlusion_rate": 0.31085141903171953, "t": [0.13082, -0.215435, 0.150661]}, {"R": [[0.6546265940159999, -0.5918804171179999, 0.47025638335199993], [-0.09231395503799994, -0.6800060711039999, -0.727371534232], [0.7502943608719999, 0.43274563768800006, -0.49978901243399987]], "segmentation_id": 37079, "occlusion_rate": 1.0, "t": [-0.405491, -0.281257, 0.155458]}, {"R": [[-0.598337088494, -0.746617323092, -0.29078304477999994], [0.5232885632200001, -0.08930288534000008, -0.8474630092300001], [0.606762956908, -0.659232163406, 0.44412965066]], "segmentation_id": 36217, "occlusion_rate": 0.5892091353345965, "t": [0.194892, -0.0569452, 0.152197]}, {"R": [[0.731943598, -0.26969470208799995, -0.62571707707], [0.603157455112, -0.17071935715, 0.7791370283599999], [-0.31695137989, -0.9476909793199999, 0.037711457488000005]], "segmentation_id": 35354, "occlusion_rate": 0.24547221937992425, "t": [0.0651242, 0.109944, 0.158225]}, {"R": [[-0.08977854406400002, 0.907502891776, 0.41033777412800004], [-0.13337089326400003, 0.39733614195200007, -0.907928945216], [-0.986990776192, -0.13623973777600001, 0.08536226329600008]], "segmentation_id": 34492, "occlusion_rate": 0.9773550724637681, "t": [-0.234005, 0.0442123, 0.14412]}, {"R": [[-0.77305346863356, -0.2918156983204, 0.563233227486], [0.35769431655960005, 0.5327460359955599, 0.7669655616316], [-0.5238729294700001, 0.7943708170884001, -0.30746039488643995]], "segmentation_id": 33630, "occlusion_rate": 0.9549956933677863, "t": [0.0256329, -0.214441, 0.13008]}, {"R": [[0.6988841258495664, 0.46159163015952004, 0.5463468890432001], [-0.44979545400048, -0.3102642826815665, 0.83750874742752], [0.5560987374208001, -0.8310655927324799, -0.009216961550433694]], "segmentation_id": 32768, "occlusion_rate": 0.6964247937381003, "t": [0.0887427, -0.0304577, 0.100853]}, {"R": [[0.7227006596429999, 0.5972914974599999, 0.34777299967599995], [0.27395622713999995, -0.7095103487950001, 0.64926303318], [0.634548010676, -0.37394834897999996, -0.676395513093]], "segmentation_id": 31905, "occlusion_rate": 1.0, "t": [0.337097, -0.262652, 0.161743]}, {"R": [[-0.47454656156075, -0.07218327944299999, -0.8772651174909999], [0.186579597631, -0.98223351677675, -0.020107798363], [-0.860228205737, -0.173221950041, 0.4795837167432499]], "segmentation_id": 31043, "occlusion_rate": 0.8391404759514007, "t": [-0.0693292, 0.0339397, 0.113751]}, {"R": [[-0.3130819993110001, -0.916440297488, 0.24923029366799992], [-0.697852947392, 0.04398912155100013, -0.7148881852679999], [0.644189274948, -0.39774493681199996, -0.6533131253209999]], "segmentation_id": 30181, "occlusion_rate": 0.7307224250470185, "t": [-0.214674, -0.157897, 0.151094]}, {"R": [[-0.14938592970300005, -0.736548031116, 0.659681807768], [-0.040463685131999994, 0.6711630911829999, 0.740204053524], [-0.987950292184, 0.08388294538800001, -0.13006581903300005]], "segmentation_id": 29318, "occlusion_rate": 1.0, "t": [-0.373725, 0.00142523, 0.124893]}, {"R": [[-0.7779146962190001, 0.624985589854, -0.06512371334200004], [0.418638398266, 0.592767595003, 0.688017318074], [0.468604286218, 0.507955658446, -0.722765821099]], "segmentation_id": 28456, "occlusion_rate": 0.5987035348931429, "t": [0.238427, -0.223055, 0.14234]}, {"R": [[0.5069341944440001, -0.152791515692, -0.848336126422], [-0.760588929428, -0.542395173814, -0.3568104034520001], [-0.405615471958, 0.826113755068, -0.39116986176400015]], "segmentation_id": 27594, "occlusion_rate": 0.8816361003861004, "t": [-0.11654, -0.128283, 0.0929126]}, {"R": [[-0.7561266500430002, -0.563172650634, 0.333329808494], [0.24144144436599996, 0.233350746981, 0.9419411682180001], [-0.608258353494, 0.7927065667820001, -0.040469506340999994]], "segmentation_id": 26731, "occlusion_rate": 0.5852701479022034, "t": [0.300409, -0.0837192, 0.141661]}, {"R": [[-0.93072871467536, -0.2574231505252, -0.259766194756], [-0.35903476357479996, 0.5080638273246401, 0.782921631196], [-0.069564307724, 0.8219522879240001, -0.56529314355736]], "segmentation_id": 25869, "occlusion_rate": 0.8398898505114083, "t": [0.169603, 0.262524, 0.0855403]}, {"R": [[0.12955850512799993, -0.7161047644159999, 0.685863729312], [-0.3579942022719999, -0.678820577088, -0.641126563416], [0.924691970304, -0.16247179927199998, -0.3443082478719999]], "segmentation_id": 25007, "occlusion_rate": 1.0, "t": [-0.38699, 0.209006, 0.106124]}, {"R": [[0.9275331686230001, 0.35136099707400004, 0.12738925090199998], [-0.054385077042000046, 0.46410878289699997, -0.884107262406], [-0.369763214646, 0.8131105938180001, 0.449585006113]], "segmentation_id": 24144, "occlusion_rate": 1.0, "t": [0.389706, -0.10375, 0.0838048]}, {"R": [[-0.6653224780160001, -0.535886591648, -0.5197788099020001], [0.11791461332800002, 0.6120658013260001, -0.781965503648], [0.737184233618, -0.581549194672, -0.3440325420160002]], "segmentation_id": 23282, "occlusion_rate": 0.3495266328774983, "t": [-0.042703, 0.202274, 0.113487]}, {"R": [[-0.69625538186404, -0.3287273340012, -0.6380980567116], [-0.0465424860468, -0.8664237930780401, 0.49713776224920003], [-0.7162852693524001, 0.37583307137879995, 0.58795175162596]], "segmentation_id": 22420, "occlusion_rate": 0.7487894858196911, "t": [0.114364, 0.182656, 0.0634422]}, {"R": [[0.6252726781519999, 0.745353064564, -0.23126632652], [-0.30229440133599994, -0.041882520151999975, -0.95229468974], [-0.71948134066, 0.6653539586799999, 0.19912794076000004]], "segmentation_id": 21558, "occlusion_rate": 0.9026769264116181, "t": [-0.226414, 0.172489, 0.0605081]}, {"R": [[-0.11396233963800001, 0.3590390835639999, 0.9263383272119999], [-0.990135670308, 0.03544855309199996, -0.13555046776600005], [-0.08150530272399992, -0.932648653782, 0.35145774862799994]], "segmentation_id": 20695, "occlusion_rate": 0.9846064139941691, "t": [0.245067, -0.284426, 0.0613344]}, {"R": [[0.04230595032799993, -0.8475363697639999, -0.529049226328], [0.0038564594320000256, 0.5296578865520001, -0.848203057244], [0.9990976477160001, 0.033843766407999964, 0.02567615991200002]], "segmentation_id": 19833, "occlusion_rate": 0.9308616187989556, "t": [0.32881, 0.0377052, 0.0492556]}, {"R": [[0.386921486427, 0.915642668934, -0.10904523710200004], [-0.599933033118, 0.16016215203699996, -0.783855240714], [-0.7002661755940001, 0.368710164558, 0.611294278917]], "segmentation_id": 18971, "occlusion_rate": 0.9996658126322825, "t": [-0.258858, -0.0599651, 0.0642375]}, {"R": [[-0.17821397725300003, 0.505444820898, 0.844254658326], [-0.740151033834, -0.6342247237230001, 0.223463786102], [0.6483955908179999, -0.585051407666, 0.487133066997]], "segmentation_id": 18108, "occlusion_rate": 0.9676907380115634, "t": [-0.121497, 0.285138, 0.052083]}, {"R": [[-0.42698428188800003, -0.9034459117860001, -0.03835365909599997], [0.17403467597399996, -0.12372535190399997, 0.976936571392], [-0.887354185344, 0.4104614688880001, 0.21005958197399993]], "segmentation_id": 17246, "occlusion_rate": 0.9049726085124316, "t": [0.144192, -0.144058, 0.0477268]}, {"R": [[-0.49542462868299997, -0.511471257142, 0.7021063853139999], [-0.15395083555400005, -0.743776780133, -0.6504590897620001], [0.8549007915619999, -0.43034293341400004, 0.289743648997]], "segmentation_id": 16384, "occlusion_rate": 0.9980017983814566, "t": [0.178784, 0.0373541, 0.0489218]}, {"R": [[-0.23616935146900003, 0.688792337412, 0.6854121206159999], [0.373551697788, -0.586806501581, 0.7184134467839999], [0.897041687016, 0.425703966816, -0.11871379924299996]], "segmentation_id": 15521, "occlusion_rate": 0.8581652569941445, "t": [-0.173721, -0.266512, 0.0487148]}, {"R": [[-0.830523358441, -0.556777517312, -0.015150183820000024], [-0.37235158407999996, 0.575240355415, -0.72832177786], [0.414228233812, -0.5992471197159999, -0.685067617535]], "segmentation_id": 14659, "occlusion_rate": 1.0, "t": [0.389053, 0.202684, 0.0687737]}, {"R": [[0.641079683981, 0.7570731041259999, -0.1259330934220001], [-0.173907481066, -0.016521843587000165, -0.984624398914], [-0.747512553098, 0.653122755626, 0.12106873777899986]], "segmentation_id": 13797, "occlusion_rate": 1.0, "t": [-0.377768, -0.073263, 0.0551636]}, {"R": [[0.12854136468175004, 0.711408597678, 0.690923339244], [-0.5942863558260001, -0.50249219864175, 0.6279533848779999], [0.793914970788, -0.49132426507399996, 0.35818936570575]], "segmentation_id": 12935, "occlusion_rate": 0.9065610400162503, "t": [0.266832, 0.142383, 0.0495943]}, {"R": [[0.14491411067999987, 0.8170235183400001, -0.55809858764], [-0.212897179928, -0.525093466104, -0.82398616806], [-0.966269244996, 0.23822465207199994, 0.09784847388000006]], "segmentation_id": 12072, "occlusion_rate": 0.9708214721431476, "t": [-0.124892, 0.127978, 0.0473393]}, {"R": [[0.352407971734, 0.7876070224680001, -0.5054534049480001], [-0.011222299451999984, 0.543620646844, 0.839255620938], [0.935778834132, -0.29008811668199996, 0.20041507704400002]], "segmentation_id": 11210, "occlusion_rate": 0.981651376146789, "t": [-0.145112, -0.0159687, 0.0499263]}, {"R": [[0.36820484352099986, -0.829228220582, 0.420482022346], [0.05850569637799996, -0.43069412119899997, -0.900599265586], [0.927901749334, 0.35620571566599996, -0.11006912113699996]], "segmentation_id": 10348, "occlusion_rate": 0.9026723853513692, "t": [0.00503443, -0.092068, 0.0480007]}, {"R": [[0.16971506267263992, 0.171045772288, 0.9705348315524001], [0.246083942504, 0.9462683937666401, -0.2098011872512], [-0.9542731310876, 0.2744397724688, 0.11850451697536]], "segmentation_id": 9485, "occlusion_rate": 0.9026896343306134, "t": [0.0782211, -0.270907, 0.0470983]}, {"R": [[0.25452799143199983, -0.10712081915999999, 0.9611143024740001], [0.57386918628, -0.7832144217700001, -0.23926846283999997], [0.778389188874, 0.6124543822799999, -0.13787665143199995]], "segmentation_id": 8623, "occlusion_rate": 1.0, "t": [-0.277255, -0.180889, 0.0495342]}, {"R": [[0.007927018235009853, -0.442613159346, 0.8966778186404], [0.502706973126, 0.77691938471899, 0.3790545154782], [-0.8644207415596, 0.4477613401218, 0.22866333492698987]], "segmentation_id": 7761, "occlusion_rate": 0.8103651354534747, "t": [0.273016, 0.26228, 0.0478969]}, {"R": [[-0.07030411125499997, 0.537087146974, 0.8405920976300001], [-0.08954004445000002, 0.8358777465050001, -0.541563772274], [-0.993498997726, -0.11334079387000004, -0.01067483322499991]], "segmentation_id": 6898, "occlusion_rate": 1.0, "t": [-0.346815, 0.106087, 0.0507438]}, {"R": [[-0.3182437768330001, -0.6544301300239999, -0.6858894711679999], [-0.11680989399199998, -0.6909227253429999, 0.7134307951759999], [-0.940786166144, 0.30716323959200004, 0.1434377811830001]], "segmentation_id": 6036, "occlusion_rate": 1.0, "t": [-0.353962, -0.258279, 0.0471701]}, {"R": [[0.26864779399999994, 0.9552358599999999, -0.12390633231999998], [-0.15338409660799995, -0.08457029214400003, -0.9845410856000001], [-0.9509477621439999, 0.283500056608, 0.12379836919999998]], "segmentation_id": 5174, "occlusion_rate": 0.9988202909948879, "t": [0.366749, -0.239698, 0.0470484]}, {"R": [[-0.21203127355600002, -0.737158542068, 0.6415916660980001], [0.45571170326800003, 0.5061882304460001, 0.7321886109319999], [-0.864505306898, 0.447627749732, 0.22860405755599997]], "segmentation_id": 4312, "occlusion_rate": 0.8658573291863149, "t": [0.0116568, 0.257206, 0.0479134]}, {"R": [[0.28774333590804013, -0.4871556549324, 0.8245506097044], [0.2425664691036, -0.79581853158804, -0.5548287486276], [0.9264803549795999, 0.35965650293640006, -0.11082382049196005]], "segmentation_id": 3449, "occlusion_rate": 0.9610602094240838, "t": [0.250613, -0.0963643, 0.048002]}, {"R": [[-0.6219616512289999, 0.766701382078, -0.159157227718], [0.009411225961999947, 0.21055813226899994, 0.977535180838], [0.782990077358, 0.6064920375979999, -0.1381747990909999]], "segmentation_id": 2587, "occlusion_rate": 0.9942275042444821, "t": [-0.0500105, -0.219479, 0.0494903]}, {"R": [[0.283083515552, 0.7856481918780001, 0.550107320136], [0.05680869671400002, 0.5588268310079999, -0.8273347368320001], [-0.957410004672, 0.265456047944, 0.11356316044200003]], "segmentation_id": 1725, "occlusion_rate": 0.9239439480097482, "t": [0.0286451, 0.0819089, 0.0471246]}, {"R": [[-0.3347919236350001, 0.66837553737, -0.6642194828100001], [-0.16322534588999998, 0.6531065677630001, 0.739464880866], [0.9280468020300001, 0.3559845005340001, -0.10955902998700007]], "segmentation_id": 862, "occlusion_rate": 1.0, "t": [-0.332343, 0.267291, 0.0479903]}]