[{"R": [[-0.67067411523216, 0.4829562709564, -0.5629841964264], [0.4218526516356, -0.37594423968816004, -0.8250503032408001], [-0.6101133545416, -0.7908355726152001, 0.048399644841840006]], "segmentation_id": 65535, "occlusion_rate": 0.13451503354592897, "t": [0.225817, -0.0437973, 0.292054]}, {"R": [[-0.13752291037240993, 0.7843817177046, 0.6048425853816], [-0.6377951286713999, -0.5373289382775899, 0.5518122588073999], [0.7578301960223999, -0.30987855049659996, 0.57416936610759]], "segmentation_id": 64637, "occlusion_rate": 0.08807086952782317, "t": [0.0845348, 0.0519053, 0.23684]}, {"R": [[-0.34172731950500007, 0.06845236034399999, -0.9373033342079999], [-0.4029352938, 0.8903541374249999, 0.21192802040000003], [0.84903852384, 0.45009400260800003, -0.2766763464810001]], "segmentation_id": 63740, "occlusion_rate": 0.10526748294847565, "t": [0.0743342, 0.169537, 0.224722]}, {"R": [[0.41725818979641, -0.33831942089480005, -0.8434676160678], [-0.1477983632292, -0.94102955068359, 0.30433710820220006], [-0.8966901882682, -0.0023240153862000013, -0.44265489049359]], "segmentation_id": 62842, "occlusion_rate": 0.8832771305947271, "t": [0.334476, -0.0477643, 0.225066]}, {"R": [[0.07943764009600002, -0.9846901656979999, 0.15515960022399994], [0.33721828416200006, 0.1730199440959999, 0.925390452944], [-0.938068788944, -0.021188184223999984, 0.34579989977799996]], "segmentation_id": 61944, "occlusion_rate": 0.3632301836836008, "t": [0.120891, -0.260957, 0.208732]}, {"R": [[0.25187704541899003, 0.9361164777254001, 0.2454472798058], [-0.8631086437826001, 0.10257883832501008, 0.49449117686540006], [0.4377235383902, -0.33639856584260003, 0.83380728101899]], "segmentation_id": 61046, "occlusion_rate": 0.3405891271388347, "t": [0.227041, -0.160418, 0.193514]}, {"R": [[-0.021134178326999986, -0.77354733543, -0.63338456707], [-0.05974988433, 0.6333709341349999, -0.771537007902], [0.9979886979699999, 0.021538873902000044, -0.05960519341499998]], "segmentation_id": 60149, "occlusion_rate": 0.31938758801375466, "t": [0.167302, -0.0416994, 0.20912]}, {"R": [[0.9081341176429999, 0.41804480261199994, -0.023080577476000036], [0.009550992196000002, 0.03442760203700006, 0.999362428972], [0.418572512948, -0.907774767716, 0.027272113547000053]], "segmentation_id": 59251, "occlusion_rate": 0.08545505045829094, "t": [-0.0445269, -0.0111143, 0.212546]}, {"R": [[-0.044528404268999955, 0.800759746178, -0.5973292413539999], [-0.163174079782, 0.584062733811, 0.795139053954], [0.985592518926, 0.132874844634, 0.10465579182700002]], "segmentation_id": 58353, "occlusion_rate": 0.596438948074201, "t": [0.309087, 0.107052, 0.231916]}, {"R": [[0.001374107785999959, -0.30827347205999994, 0.9512964929400001], [-0.58956975174, 0.7681292756360001, 0.24976861887], [-0.8077159518600001, -0.56119900353, -0.18069327263599994]], "segmentation_id": 57455, "occlusion_rate": 0.8287122097878737, "t": [-0.306591, 0.0150804, 0.24245]}, {"R": [[-0.47536053800795997, 0.1100722311948, 0.8728768263908], [-0.22687056766920002, -0.97392335090204, -0.0007371015467999981], [0.8500350555452001, -0.19838069894280003, 0.48793748970204]], "segmentation_id": 56558, "occlusion_rate": 0.7692971108236308, "t": [0.218776, -0.283671, 0.15548]}, {"R": [[0.232936928579, -0.715744235966, -0.6583696243780001], [-0.9267581319739999, 0.041789901827000084, -0.373326874526], [0.29471976255800003, 0.697111023514, -0.653587384189]], "segmentation_id": 55660, "occlusion_rate": 1.0, "t": [-0.398212, -0.29813, 0.212562]}, {"R": [[-0.02919147413319001, -0.06735356728259999, 0.9973025625988], [-0.22967569274939997, -0.97058072275919, -0.0722715941586], [0.9728298826372, -0.23116575035339998, 0.012863198106810025]], "segmentation_id": 54762, "occlusion_rate": 0.9997389488339714, "t": [0.212116, -0.077283, 0.127241]}, {"R": [[0.18635593621739005, 0.098838760599, 0.9774983583725999], [-0.348564535821, -0.9235559764093899, 0.15983678859300005], [0.9185722103274, -0.370507670667, -0.13765840538261015]], "segmentation_id": 53864, "occlusion_rate": 0.9999174236168455, "t": [-0.333115, 0.298719, 0.15474]}, {"R": [[0.65449570871971, 0.4980508496286, 0.5688401914008], [0.4293191144034, 0.37448985934371, -0.8218521084464], [-0.6223495080552001, 0.7821132535216001, 0.03127928053029006]], "segmentation_id": 52967, "occlusion_rate": 0.5206740649404028, "t": [-0.194606, 0.257944, 0.231932]}, {"R": [[0.94138295732211, 0.2852016610812, -0.18015957056980003], [0.1996967253108, -0.04071816638388999, 0.9790110211404], [0.2718798930622, -0.9576018870756, -0.09528525754610999]], "segmentation_id": 52069, "occlusion_rate": 0.3157032755298651, "t": [-0.00102169, -0.233137, 0.200957]}, {"R": [[0.12001393988299996, 0.352309958704, -0.9281570159720001], [-0.14291311739200002, 0.9313076987170001, 0.335026730656], [0.982432488356, 0.09243788387199998, 0.16211953156300002]], "segmentation_id": 51171, "occlusion_rate": 0.37694787748522296, "t": [0.211722, 0.0645289, 0.160373]}, {"R": [[-0.40253149221536005, -0.314227707344, -0.8597842950688], [-0.343635966224, 0.9224179473606401, -0.1762360389904], [0.8484588433312, 0.22451228620959998, -0.47928228931264]], "segmentation_id": 50273, "occlusion_rate": 1.0, "t": [-0.37468, -0.0751802, 0.189292]}, {"R": [[0.24500288768100004, 0.894216601978, 0.37463193515399995], [-0.6461739529220001, 0.43868214875099987, -0.624512632374], [-0.7227943280460001, -0.08907005207399998, 0.685298269537]], "segmentation_id": 49376, "occlusion_rate": 0.09721182634730541, "t": [-0.14887, -0.146613, 0.174186]}, {"R": [[0.97489790764379, -0.2225826837824, -0.0055426726790000005], [0.2115208440176, 0.9181011024942101, 0.3351850247452], [-0.06951765880899999, -0.3279436188548, 0.9421358610277901]], "segmentation_id": 48478, "occlusion_rate": 0.5539145209776499, "t": [-0.10734, -0.259823, 0.131897]}, {"R": [[-0.5405372717809999, -0.7913729826359999, -0.285565601688], [0.17032318664399998, -0.4353311321869999, 0.8840114649359999], [-0.8238986118480001, 0.42920281965599993, 0.37010197201899986]], "segmentation_id": 47580, "occlusion_rate": 0.9411148165793235, "t": [0.37162, -0.17621, 0.159089]}, {"R": [[0.5550974661450001, -0.7629570268139999, -0.33130745047], [0.8295791849099999, 0.5368085334550001, 0.15374076491400004], [0.06055103191399999, -0.3601866489300001, 0.9309137440649999]], "segmentation_id": 46682, "occlusion_rate": 0.2989250097137677, "t": [0.0594912, -0.0619584, 0.142785]}, {"R": [[-0.366431676226, 0.8155962315159999, -0.4478076090279999], [0.33715509763600005, -0.3321845050119999, -0.8808978009259999], [-0.8672112243879999, -0.47376922934599996, -0.1532594223160001]], "segmentation_id": 45785, "occlusion_rate": 0.9999085337967621, "t": [0.398657, 0.139671, 0.168404]}, {"R": [[0.90244611929131, 0.4284455934934, -0.044994425851599976], [-0.3772534977386, 0.7355199227326901, -0.5627516013952], [-0.2080142384204, 0.5248275334288001, 0.8254000605373102]], "segmentation_id": 44887, "occlusion_rate": 0.7718050373134329, "t": [0.119183, 0.30124, 0.193919]}, {"R": [[-0.9493740565967599, -0.31369638030159996, 0.01681371741519999], [0.10628993307439998, -0.3711207581632399, -0.9224809225312001], [0.29561896122319997, -0.8739926677568, 0.3856753374527599]], "segmentation_id": 43989, "occlusion_rate": 0.8199062709216692, "t": [-0.284339, -0.153651, 0.1394]}, {"R": [[0.6981533644679999, 0.6477589815760001, -0.30494285075999994], [-0.04634981642399999, 0.46592814433199997, 0.88360772948], [0.71444631356, -0.60275967588, 0.3553128184199999]], "segmentation_id": 43092, "occlusion_rate": 0.3873131046613896, "t": [0.0893153, -0.182809, 0.14134]}, {"R": [[0.68918979339136, -0.4845226907328001, 0.5387529482123999], [-0.6390214015872001, -0.055934439650640086, 0.767152224224], [-0.34156789274759997, -0.8729883441280001, -0.3481698924633601]], "segmentation_id": 42194, "occlusion_rate": 0.13641937461679954, "t": [-0.186144, 0.107632, 0.178068]}, {"R": [[-0.491490336468, 0.379271322084, -0.783958830434], [0.8697799358039999, 0.25907825036599996, -0.419955066492], [0.043829748385999956, -0.888275103132, -0.45721682900400007]], "segmentation_id": 41296, "occlusion_rate": 0.23932639920752852, "t": [-0.0495473, 0.23288, 0.200536]}, {"R": [[-0.030047495805000102, 0.271838197232, 0.961873158276], [-0.68228783496, -0.708828141051, 0.17901063323199992], [0.73046511782, -0.6508959141599999, 0.20677052659500017]], "segmentation_id": 40398, "occlusion_rate": 0.9971386456255961, "t": [-0.151788, 0.306529, 0.159807]}, {"R": [[0.0164994845569999, -0.9777646293360001, -0.20905427203200005], [0.335579801112, -0.19153973484300013, 0.9223330846760001], [-0.9418670586239999, -0.08537242893199998, 0.324957819237]], "segmentation_id": 39501, "occlusion_rate": 1.0, "t": [-0.376108, 0.0347651, 0.152369]}, {"R": [[0.8008804988429999, 0.5737997635700001, -0.171302983074], [-0.26719131729, 0.08640325120500006, -0.9597623311300001], [-0.535910142326, 0.81442541931, 0.22251294309300004]], "segmentation_id": 38603, "occlusion_rate": 1.0, "t": [-0.400909, -0.195996, 0.13843]}, {"R": [[-0.7223006077949999, -0.68053816779, -0.12308159478199998], [0.29514033049, -0.14237896464299998, -0.94478561619], [0.625438615782, -0.71874576689, 0.30369475675499996]], "segmentation_id": 37705, "occlusion_rate": 0.806790450928382, "t": [-0.276085, 0.153291, 0.161021]}, {"R": [[0.67118060233344, -0.5126593798079999, 0.5354412582304], [0.680513450608, 0.13967193238655995, -0.7193007552576], [0.2939701077696001, 0.8471555307424, 0.4426166107814399]], "segmentation_id": 36807, "occlusion_rate": 0.9235105559854095, "t": [-0.0104097, -0.270962, 0.0876202]}, {"R": [[0.445759873705, -0.665956691712, 0.598163169084], [-0.08410617383999996, -0.6964276159590002, -0.712680913412], [0.89119225962, 0.26737542442000006, -0.36645067321499997]], "segmentation_id": 35910, "occlusion_rate": 1.0, "t": [-0.394482, 0.201084, 0.117319]}, {"R": [[-0.6913078457389901, -0.5061910945588, 0.515621194847], [0.3956952956012, 0.33187180925699, 0.8563220852143999], [-0.6045823962249999, 0.7960105881056, -0.02912813356501004]], "segmentation_id": 35012, "occlusion_rate": 0.6878856437679968, "t": [0.296362, 0.170272, 0.140352]}, {"R": [[0.04903549348900005, -0.1720754154180001, 0.983862631038], [-0.873547318182, -0.484985256609, -0.041285454277999956], [0.484263056862, -0.8574260651779999, -0.1740974999190001]], "segmentation_id": 34114, "occlusion_rate": 0.15307638957693448, "t": [-0.170447, -0.0246187, 0.147631]}, {"R": [[-0.1697565050119999, -0.9831359983979999, 0.06803114540399996], [-0.05549468022600007, 0.07846005950799989, 0.9953724220679998], [-0.983923253388, 0.1651954200359999, -0.06787785888199999]], "segmentation_id": 33216, "occlusion_rate": 0.7905754417761668, "t": [0.0739933, 0.0788668, 0.1353]}, {"R": [[-0.03265127908799992, 0.7762811583059999, -0.629541085672], [0.565353940958, 0.533767869552, 0.628861911864], [0.824202242616, -0.33538030056799994, -0.45630169687799993]], "segmentation_id": 32319, "occlusion_rate": 0.9950781452378896, "t": [0.392561, -0.00200679, 0.140608]}, {"R": [[0.5958257024187601, -0.11615358278260002, 0.7946698719339002], [0.0783819982026, 0.9931725100542601, 0.086398816229], [-0.7992797523461, 0.010809176414999996, 0.6008620199432402]], "segmentation_id": 31421, "occlusion_rate": 0.2714979525759451, "t": [-0.0674155, 0.102499, 0.154187]}, {"R": [[-0.404569161167, 0.87826743081, 0.2548906695059999], [-0.53319002385, -0.452975370705, 0.71450741885], [0.742988110194, 0.15316257082999996, 0.6515435784329999]], "segmentation_id": 30523, "occlusion_rate": 0.9139629200463499, "t": [0.0349363, 0.224802, 0.113411]}, {"R": [[0.14479324040900005, 0.03546142277999986, 0.988826541612], [0.893876683812, 0.42384289286500004, -0.14608970078399997], [-0.42428753933999996, 0.90504155376, 0.0296714391050001]], "segmentation_id": 29625, "occlusion_rate": 0.9563286454478165, "t": [-0.299327, -0.301674, 0.135588]}, {"R": [[0.778237934359, -0.03513236843199996, 0.6269845653920001], [0.617922112592, 0.22071887316099995, -0.754621529528], [-0.11187578523199998, 0.974703599432, 0.19348104031099997]], "segmentation_id": 28728, "occlusion_rate": 0.5489875898105814, "t": [-0.040845, -0.113014, 0.137917]}, {"R": [[-0.30839594783799995, 0.943151006636, -0.12393296860400005], [-0.43074201071600005, -0.022294115276000004, 0.9022003964180001], [0.8481477007160001, 0.3316178731219999, 0.41312991499600005]], "segmentation_id": 27830, "occlusion_rate": 0.9778560644187216, "t": [-0.266849, 0.0158928, 0.0884615]}, {"R": [[-0.256630179833, 0.9134138978040001, -0.315937972956], [-0.303869312364, 0.23405778415899997, 0.9235156714080001], [0.9174994236840001, 0.3330057141120001, 0.21749207472100002]], "segmentation_id": 26932, "occlusion_rate": 0.994779703487158, "t": [-0.0384017, -0.014508, 0.0747845]}, {"R": [[0.20153103024700003, -0.793175751406, -0.5746813626380001], [-0.244085709458, 0.527541309017, -0.813709733906], [0.948582420046, 0.30425908695799997, -0.08728687024699996]], "segmentation_id": 26034, "occlusion_rate": 0.39445214979195564, "t": [0.175656, 0.206063, 0.148672]}, {"R": [[0.08570631691599984, 0.015409728352000052, 0.996202122496], [-0.649109549152, -0.757689541036, 0.067565183024], [0.755852447104, -0.6524345185760001, -0.05493613137199993]], "segmentation_id": 25137, "occlusion_rate": 0.9473333333333334, "t": [-0.13874, 0.192447, 0.094299]}, {"R": [[-0.06791166021400008, -0.9974189663040001, -0.023307871031999994], [0.08441245562400007, 0.017533750367999867, -0.9962765427940001], [0.994113871008, -0.06962627408600014, 0.08300384457600007]], "segmentation_id": 24239, "occlusion_rate": 0.8928535328009704, "t": [0.167277, -0.120886, 0.0501904]}, {"R": [[-0.475436199586, -0.8294783187399999, -0.293135768348], [0.529944896548, -0.004061446580000017, -0.848023791586], [0.7022259369799999, -0.55852633171, 0.44150822194]], "segmentation_id": 23341, "occlusion_rate": 0.6339162448228256, "t": [-0.20899, -0.10865, 0.050523]}, {"R": [[0.15828148804000006, 0.17096594082000005, 0.972480068616], [0.9865608650159999, -0.06783288804000001, -0.14864799074000007], [0.040552390740000055, 0.982939068616, -0.17940500892000003]], "segmentation_id": 22443, "occlusion_rate": 0.9958200147528891, "t": [0.149602, 0.289414, 0.0627163]}, {"R": [[-0.23988290941299995, 0.3361655159, 0.910740711916], [-0.9600219638599999, -0.22155809007499996, -0.17108345997999996], [0.14426963411599997, -0.9153712183, 0.375874332763]], "segmentation_id": 21546, "occlusion_rate": 0.9683070068853787, "t": [0.378729, -0.299219, 0.136112]}, {"R": [[0.469517171481, 0.877651737256, -0.096342796068], [-0.21026885301599996, 0.21712656207300002, 0.953228171044], [0.857520562852, -0.42729891728400005, 0.28648734728099995]], "segmentation_id": 20648, "occlusion_rate": 0.8312886545675757, "t": [-0.250359, 0.138913, 0.0488675]}, {"R": [[0.5195457430370001, 0.854314283686, -0.014777501698000017], [-0.714646870718, 0.42499796816300006, -0.555567841226], [-0.468349356826, 0.299203744498, 0.8313393099170001]], "segmentation_id": 19750, "occlusion_rate": 0.9162462159434914, "t": [0.285274, -0.146384, 0.0718438]}, {"R": [[-0.3066498311360001, 0.13854972357599998, -0.941684429238], [-0.6341343632159999, 0.708063186442, 0.3106764273360001], [0.709816313958, 0.692423430576, -0.12926833462400003]], "segmentation_id": 18853, "occlusion_rate": 0.9961047392339321, "t": [0.330041, -0.0440103, 0.0505382]}, {"R": [[0.5536499179737902, -0.5450539582638, 0.6295938712226], [0.31788442048419996, -0.56046099403779, -0.7647440494362001], [0.7696893888534001, 0.6235384098158001, -0.13703498802621006]], "segmentation_id": 17955, "occlusion_rate": 1.0, "t": [-0.36724, -0.0749268, 0.0496886]}, {"R": [[-0.681257860964, -0.648145469076, 0.34028740423799986], [0.08657444300400002, -0.532918093518, -0.841726506124], [0.7269064123979999, -0.543972514204, 0.419167402236]], "segmentation_id": 17057, "occlusion_rate": 0.967955344221625, "t": [0.102942, -0.268462, 0.0496773]}, {"R": [[-0.6721902704330001, -0.6901171329119999, 0.26813880879600005], [0.14393914262400004, -0.4770653780170001, -0.8670005685719999], [0.7262517477720001, -0.544193720604, 0.420013607993]], "segmentation_id": 16159, "occlusion_rate": 0.9219011725293133, "t": [0.382584, 0.238282, 0.04973]}, {"R": [[0.1266217200134399, -0.445512497534, -0.8862767829888], [0.598824191618, 0.74662580485056, -0.2897593425024], [0.7908081366912, -0.49403390933760005, 0.36132252748856003]], "segmentation_id": 15262, "occlusion_rate": 0.8858735158710929, "t": [0.247397, 0.185633, 0.0496023]}, {"R": [[-0.22326857785996004, 0.4233133588660001, 0.8780418556892], [0.637761733382, -0.6177803677739601, 0.46000863755240007], [0.7371646163308001, 0.6626867852876, -0.13204208053195998]], "segmentation_id": 14364, "occlusion_rate": 0.9623686944476509, "t": [-0.112911, -0.169314, 0.0502042]}, {"R": [[0.3990784177950001, 0.90763333534, 0.13015326503999997], [-0.3077550071880001, -0.0011216090909999532, 0.9514658821599999], [0.8637273871839999, -0.4197644553120001, 0.278880852795]], "segmentation_id": 13466, "occlusion_rate": 0.7096875655273642, "t": [-0.151943, 0.0429887, 0.0487629]}, {"R": [[0.31955887360975, 0.13708895755199996, 0.9375979459680001], [0.389321176848, 0.8831103686577501, -0.261813411222], [-0.8638936924320001, 0.44869127332200004, 0.2288339871822501]], "segmentation_id": 12568, "occlusion_rate": 0.6126411311596497, "t": [-0.221164, -0.271296, 0.0479393]}, {"R": [[-0.23537684960500005, 0.35252444139, -0.905717429274], [-0.273924935526, 0.8700587087250001, 0.40983262177], [0.93250344405, 0.344563733426, -0.10822645351500006]], "segmentation_id": 11671, "occlusion_rate": 0.9564053127677806, "t": [0.0973541, 0.0127973, 0.048051]}, {"R": [[-0.1589216092014401, 0.3017659085284, 0.9400440154856], [-0.4817707429796, -0.85479125545456, 0.19295168638479998], [0.8617670020424, -0.42222119619919996, 0.28122657794456013]], "segmentation_id": 10773, "occlusion_rate": 0.9893429901707191, "t": [-0.204467, 0.281482, 0.0488061]}, {"R": [[-0.15023551451500008, -0.03125070643400002, -0.9881554701099999], [-0.53198605529, 0.8450185678850001, 0.05415723856599999], [0.833317872566, 0.5338216582900001, -0.14357684348500008]], "segmentation_id": 9875, "occlusion_rate": 0.9125874125874126, "t": [0.246157, -0.266775, 0.0498189]}, {"R": [[0.504581302885, -0.86206023246, 0.04742546741999992], [-0.08631454602, -0.10502501788299987, -0.990716334444], [0.8590383102599999, 0.495803602044, -0.1274020418829999]], "segmentation_id": 8977, "occlusion_rate": 0.8783018867924528, "t": [0.370565, -0.214419, 0.0492336]}, {"R": [[-0.37287261290499996, 0.86684070513, -0.33098941430999995], [-0.022827306570000094, 0.3480370419129999, 0.937203242334], [0.9276021315899999, 0.35701287833400003, -0.10998579946299991]], "segmentation_id": 8080, "occlusion_rate": 0.9962898072761002, "t": [0.116964, 0.169579, 0.0480123]}, {"R": [[0.47143757368499994, -0.74130751266, 0.4777130236720001], [0.13159419134, -0.4764902464530001, -0.86927553804], [0.872026106328, 0.47267342204000007, -0.12708364636499994]], "segmentation_id": 7182, "occlusion_rate": 1.0, "t": [-0.381179, 0.0790758, 0.0491539]}, {"R": [[0.5909902603883037, -0.44044876352379997, 0.67582250953636], [0.4332723434842, -0.5333683767323039, -0.72649426469392], [0.6804456290236399, 0.72216599682608, -0.124381206499696]], "segmentation_id": 6284, "occlusion_rate": 0.9833974975938402, "t": [-0.0135532, 0.124873, 0.0508787]}, {"R": [[0.2050691874840001, -0.723586973052, 0.6590652803620001], [-0.935438197732, -0.342990701046, -0.08550602449200001], [0.287924520618, -0.598980629428, -0.7472082701639999]], "segmentation_id": 5386, "occlusion_rate": 0.9985573770491804, "t": [-0.0343562, 0.288756, 0.0655136]}, {"R": [[-0.2671990356519999, -0.016703344436000023, 0.963497103902], [-0.344570142788, -0.932090122462, -0.11171578180399996], [0.8999317127660001, -0.361842503708, 0.24329798697199995]], "segmentation_id": 4489, "occlusion_rate": 0.9712041884816754, "t": [0.225761, 0.0604016, 0.0494281]}, {"R": [[0.14468696002999992, 0.82990839072, -0.538810932144], [-0.20378090385600006, -0.5078749144800001, -0.83698021987], [-0.9682657180800001, 0.23089956310600002, 0.09563662968000003]], "segmentation_id": 3591, "occlusion_rate": 0.9609057676685622, "t": [0.033777, -0.133472, 0.047476]}, {"R": [[0.414506243039, 0.894255090456, -0.168795313908], [-0.28086210578399995, -0.05071872220700016, -0.958406771196], [-0.865621454412, 0.44467391955600005, 0.2301392040709999]], "segmentation_id": 2693, "occlusion_rate": 1.0, "t": [-0.37158, -0.24097, 0.0477745]}, {"R": [[-0.397886066893, -0.886368569274, 0.23672568754199996], [0.30920727847800006, 0.1133730503069999, 0.944213442166], [-0.8637587340659999, 0.44888631615799995, 0.22896187118700012]], "segmentation_id": 1795, "occlusion_rate": 0.9547134935304991, "t": [0.372022, 0.0791836, 0.0479216]}, {"R": [[-0.10399883927699996, 0.8062250038759999, -0.582398617476], [-0.04679823191600002, 0.5809585782209999, 0.812588285028], [0.993477142164, 0.11176331509199999, -0.022689082860999993]], "segmentation_id": 898, "occlusion_rate": 1.0, "t": [-0.349069, 0.262986, 0.0482043]}]