[{"R": [[0.16810981210399986, 0.800789248856, -0.574869242732], [-0.36632725495599994, 0.592155413912, 0.7177431882640001], [0.915173431432, 0.08993064516400007, 0.3928982638159999]], "segmentation_id": 65535, "occlusion_rate": 0.30703640011464606, "t": [-0.144041, 0.212029, 0.289928]}, {"R": [[0.6684095815470001, -0.161053693386, -0.7261483165339999], [0.665850038306, -0.305513254491, 0.680666156262], [-0.33147156174599995, -0.9384691777780001, -0.09697032833099997]], "segmentation_id": 64649, "occlusion_rate": 0.6993416239941478, "t": [0.111824, 0.280584, 0.187219]}, {"R": [[-0.3271348863839999, -0.889999405136, -0.31762245559799995], [0.2529497545439999, 0.24137873182199993, -0.9368846934559999], [0.910494034642, -0.38683015137599985, 0.14616171249600007]], "segmentation_id": 63764, "occlusion_rate": 0.3186086695214484, "t": [0.289362, -0.163155, 0.217812]}, {"R": [[0.4240052123870002, 0.842326892042, -0.33272489312599995], [0.4815522580459999, 0.10146256145299998, 0.870524921578], [0.767025338782, -0.5293312982060001, -0.36260360464299995]], "segmentation_id": 62878, "occlusion_rate": 0.08310466483731871, "t": [0.114435, 0.00846208, 0.256559]}, {"R": [[-0.5268321370990001, 0.8447200681760001, -0.09430911662800001], [-0.23160609473599997, -0.035911697116999985, 0.9721457044240001], [0.817804878892, 0.534000618136, 0.21456193425099995]], "segmentation_id": 61993, "occlusion_rate": 0.0967407761574628, "t": [0.228133, 0.175154, 0.234197]}, {"R": [[-0.21117023640300003, 0.9151179132779999, -0.34346121118600004], [-0.629473391286, -0.39614045199700004, -0.6684573729779999], [-0.747776469578, 0.07504141938600001, 0.659695690797]], "segmentation_id": 61107, "occlusion_rate": 1.0, "t": [0.399928, -0.181699, 0.185128]}, {"R": [[-0.038426634302999974, 0.73204854376, 0.680167116204], [-0.035869795680000094, -0.681241680705, 0.73117857794], [0.998616910604, 0.0036992782199999907, 0.0524362833030001]], "segmentation_id": 60221, "occlusion_rate": 0.6924129980546149, "t": [-0.271298, 0.0871864, 0.290383]}, {"R": [[0.6768291864020001, 0.38842840647599997, 0.6253212073559999], [-0.6426195557159999, -0.10260178379600006, 0.7592851687380001], [0.359086822284, -0.915749547582, 0.1801677192439999]], "segmentation_id": 59336, "occlusion_rate": 0.09107823159386907, "t": [-0.0812917, 0.0969883, 0.244025]}, {"R": [[0.21114173798199995, -0.014961190124000046, -0.97734132722], [0.9561230951240001, 0.21091860693200007, 0.20332906541], [0.20309735122000006, -0.9773895050900001, 0.05883843886000009]], "segmentation_id": 58450, "occlusion_rate": 0.9992800575953924, "t": [0.375833, -0.293801, 0.16649]}, {"R": [[-0.656117462606, -0.23191232014400004, -0.718140484168], [0.478130618936, -0.8639919235119999, -0.15782354486599998], [-0.5838665861919999, -0.446915915854, 0.6777648394960001]], "segmentation_id": 57565, "occlusion_rate": 1.0, "t": [-0.395638, 0.108832, 0.21171]}, {"R": [[0.003616534075000011, -0.9930381673600002, 0.11774101399999987], [0.3153765827840001, 0.1128655886049999, 0.9422312866120001], [-0.948960146288, 0.03372513314000003, 0.3135890362910001]], "segmentation_id": 56679, "occlusion_rate": 0.25543654657578707, "t": [-0.221604, -0.171887, 0.231544]}, {"R": [[0.7940926742477898, -0.4514936839326, -0.4069025357742], [0.3561808209354, -0.19678810202379, 0.9134599395945999], [-0.49249511982179994, -0.8703029885133999, 0.004545402167790022]], "segmentation_id": 55793, "occlusion_rate": 0.09771423367635002, "t": [0.0176798, -0.0626031, 0.229699]}, {"R": [[0.21284080908800004, -0.347846257098, 0.9130718776560001], [-0.042110871846000014, 0.9303498900480001, 0.364244751392], [-0.976178235168, -0.11597648842399999, 0.18336845332199994]], "segmentation_id": 54908, "occlusion_rate": 0.27262675722634655, "t": [0.223398, -0.0120658, 0.218155]}, {"R": [[-0.012122466356999984, 0.754886514264, -0.655744265288], [0.007545340728000005, -0.655704723763, -0.7549804819560001], [-0.9998986242160001, -0.014100031331999996, 0.0022528812029999346]], "segmentation_id": 54022, "occlusion_rate": 0.8027951509535943, "t": [-0.219704, 0.226304, 0.225444]}, {"R": [[-0.5472506336430001, -0.03212760669800002, -0.836352795894], [0.823137851074, -0.20157571965300008, -0.530860382502], [-0.151533034158, -0.978946619826, 0.13675779109300007]], "segmentation_id": 53136, "occlusion_rate": 0.12179285789087868, "t": [0.0607734, 0.171417, 0.181577]}, {"R": [[0.64928144744336, 0.4945737142868, -0.5777804514135999], [0.3720054773612, 0.45609125117935995, 0.8084506801928001], [0.6633591287624, -0.7398495918952, 0.11214746788663993]], "segmentation_id": 52251, "occlusion_rate": 0.8339524838012959, "t": [-0.0990094, 0.285919, 0.205298]}, {"R": [[-0.8152044239775599, 0.5024249108476, -0.288116779338], [0.3031897472124, -0.05365585672956008, -0.9514185980275999], [-0.493475477366, -0.8629545645323998, -0.1085895724275599]], "segmentation_id": 51365, "occlusion_rate": 0.4619174707452268, "t": [0.292807, 0.100234, 0.150786]}, {"R": [[-0.6639335079359999, -0.14041870915799995, 0.734489340368], [-0.633815547638, -0.41555260041600006, -0.652375348872], [0.396824717688, -0.898664748592, 0.18689976197400004]], "segmentation_id": 50480, "occlusion_rate": 0.6131727219739654, "t": [0.0960795, -0.0570539, 0.162929]}, {"R": [[0.27218209126500015, 0.009350280970000013, 0.962200004094], [-0.944543038394, 0.19352028937500007, 0.26530682739000006], [-0.18372458805000003, -0.9810513932939999, 0.061504519345000036]], "segmentation_id": 49594, "occlusion_rate": 0.9023459851230211, "t": [-0.316122, -0.00813719, 0.237283]}, {"R": [[0.49312386983856, -0.5244990828528, 0.6940664106032001], [-0.6060777869392, -0.7794673742174401, -0.15842648123039998], [0.6240970969488001, -0.3425345907536, -0.7022616954974401]], "segmentation_id": 48708, "occlusion_rate": 0.534794574405347, "t": [-0.167823, 0.0852608, 0.179459]}, {"R": [[0.5145498100720001, -0.298241469504, -0.80392216203], [-0.856145272104, -0.230608275822, -0.46242342063999997], [-0.04747725549000004, 0.92621389148, -0.3739974080399999]], "segmentation_id": 47823, "occlusion_rate": 0.5803144224196856, "t": [-0.254548, -0.0646132, 0.169725]}, {"R": [[0.4669052069549998, -0.48807954021, -0.7374120973899999], [-0.08228012223399997, -0.8542470721649998, 0.5133133861620001], [-0.8804704540379998, -0.17899445063000002, -0.43901193314099995]], "segmentation_id": 46937, "occlusion_rate": 0.9625968474485707, "t": [-0.276819, -0.289204, 0.167018]}, {"R": [[-0.4627069199400001, 0.75924866422, 0.45765174461399993], [0.38403241436399993, -0.29361861657, 0.8753905185400002], [0.79901361577, 0.5808019637640001, -0.15571662702]], "segmentation_id": 46052, "occlusion_rate": 0.42660848574876986, "t": [0.21457, -0.102199, 0.146579]}, {"R": [[0.288664577865, -0.9148008676199999, 0.28251213478], [0.24498176160399993, 0.35582342206500006, 0.901872829728], [-0.925558031772, -0.19112832631999999, 0.326822987121]], "segmentation_id": 45166, "occlusion_rate": 0.9759025738469511, "t": [0.3822, 0.155564, 0.122062]}, {"R": [[0.48460731154800013, 0.395453376298, 0.7802395634760001], [-0.362732016106, -0.7208204953080002, 0.590630759172], [0.7959790410120001, -0.5692414569959999, -0.20587113821800013]], "segmentation_id": 44280, "occlusion_rate": 0.7846011987090825, "t": [0.227944, -0.282146, 0.145292]}, {"R": [[0.2040516184240001, -0.062958653872, 0.976933934854], [0.413017532048, -0.899232166346, -0.14421788161600002], [0.8875698414140001, 0.432918568624, -0.15748669055199993]], "segmentation_id": 43395, "occlusion_rate": 0.5687310439291655, "t": [0.138542, 0.0768122, 0.149696]}, {"R": [[0.13073143258800018, -0.28969541293200013, -0.9481493240540001], [-0.811114920996, -0.5811821052580001, 0.06573603205200002], [-0.5700904822180001, 0.7604638115640001, -0.3109548421080001]], "segmentation_id": 42509, "occlusion_rate": 1.0, "t": [-0.270694, 0.303842, 0.153205]}, {"R": [[0.20692376802249005, 0.7467945307948001, 0.6320458696866], [-0.6851961891372, 0.5717515741535101, -0.45122923024819994], [-0.6983482190174, -0.3397051141998, 0.6300092846675102]], "segmentation_id": 41624, "occlusion_rate": 0.8847568021851034, "t": [0.248019, 0.300179, 0.152456]}, {"R": [[0.95580735841776, -0.23187133696559997, -0.18074648920839997], [0.04341155709359999, 0.71936512416376, -0.6932752494648], [0.2907731882036, 0.6547906672392001, 0.69763991556624]], "segmentation_id": 40738, "occlusion_rate": 0.1326726665992517, "t": [-0.119892, -0.0253255, 0.184256]}, {"R": [[-0.23974115832195997, 0.3255719572488, 0.9146196284952], [0.3876784255752, -0.8316166311919599, 0.3976445702352], [0.8900739309287999, 0.4499096204208, 0.07315543795803992]], "segmentation_id": 39852, "occlusion_rate": 0.14878347628216348, "t": [-0.012961, -0.196993, 0.189258]}, {"R": [[0.2886761667789999, -0.4392832088540001, -0.8507039249180001], [-0.827443097854, 0.33254080772300004, -0.45249902290599997], [0.4816687920820001, 0.834534426094, -0.2674851418610001]], "segmentation_id": 38967, "occlusion_rate": 0.6247355057130766, "t": [0.19688, 0.195695, 0.124676]}, {"R": [[-0.6076512089384399, 0.7106381314772001, -0.354616837662], [-0.7931716653028, -0.52025166301356, 0.3165699980724], [0.040476719526000016, 0.4736362532676, 0.87978973735444]], "segmentation_id": 38081, "occlusion_rate": 1.0, "t": [0.394268, 0.297927, 0.117052]}, {"R": [[-0.790031704032, -0.587088222824, 0.17656982139], [0.488080309224, -0.776599882782, -0.39833379268], [0.37098125957000005, -0.22851612036000002, 0.90008492064]], "segmentation_id": 37196, "occlusion_rate": 0.4356176838277077, "t": [-0.00532478, 0.0629201, 0.147397]}, {"R": [[-0.35321133663056004, -0.4400993539912, -0.8255638057251999], [-0.5592768605128, -0.6080694545405599, 0.5634378570712], [-0.7499682873308, 0.6607309468328, -0.03136034003055993]], "segmentation_id": 36310, "occlusion_rate": 1.0, "t": [-0.368467, 0.00697213, 0.141111]}, {"R": [[0.22946307019599999, 0.766525864366, 0.5998214815480001], [0.37249851147400004, -0.638507828852, 0.673463898436], [0.8992177541720001, 0.06889748039600002, -0.432043491826]], "segmentation_id": 35424, "occlusion_rate": 0.9074216496827533, "t": [-0.145185, 0.198767, 0.142116]}, {"R": [[-0.288702863137, 0.457653938034, 0.8409549656820001], [-0.895483266798, -0.43986515753699995, -0.06804473937400002], [0.33876555342599995, -0.772705144718, 0.536811311007]], "segmentation_id": 34539, "occlusion_rate": 0.9111813426329556, "t": [0.0542264, -0.297482, 0.163106]}, {"R": [[-0.38465505472000006, -0.362276282144, -0.8489979986799999], [0.7857240515199999, 0.35420183107999986, -0.5071291701439999], [0.4844372211439999, -0.86214742112, 0.14840357312000008]], "segmentation_id": 33653, "occlusion_rate": 1.0, "t": [-0.367593, -0.17606, 0.121463]}, {"R": [[0.7962809220880401, -0.5938073992832, 0.11544975932080001], [-0.6040806786848001, -0.77046417653596, 0.20364348152240003], [-0.03197511548720001, -0.2318984831416, -0.97221389969404]], "segmentation_id": 32768, "occlusion_rate": 0.9944636678200692, "t": [-0.271165, 0.0905176, 0.152458]}, {"R": [[-0.33784202463900004, 0.078843090486, 0.9378950110819999], [-0.47382790122599994, -0.8752478437269999, -0.09710226780600001], [0.8132345324379999, -0.47720592774599996, 0.33305347335900004]], "segmentation_id": 31882, "occlusion_rate": 0.8895662160968283, "t": [0.344237, -0.0375888, 0.113264]}, {"R": [[0.430416842071, -0.8659691318280001, 0.25463370680399994], [-0.024341018412000037, -0.2931348567209999, -0.9557609483839999], [0.9023017104840001, 0.40517766270399996, -0.14724878526299995]], "segmentation_id": 30996, "occlusion_rate": 0.47390851406383183, "t": [-0.161809, -0.132657, 0.142442]}, {"R": [[0.33771035879700007, 0.851698155558, 0.400702287074], [-0.398157377234, 0.5150123927970001, -0.759100319922], [-0.8528908335780001, 0.09681345242600004, 0.5130348320670002]], "segmentation_id": 30111, "occlusion_rate": 0.6927608676247434, "t": [-0.175171, -0.265673, 0.143259]}, {"R": [[-0.23882244901600003, -0.747250152138, -0.62014589496], [-0.47003017184999996, -0.46987260340000003, 0.7471889032799999], [-0.8497266374879999, 0.469932792816, -0.23901400552999996]], "segmentation_id": 29225, "occlusion_rate": 0.6186847304544172, "t": [-0.0274918, -0.0887578, 0.128013]}, {"R": [[-0.20737487183799996, -0.726431185644, 0.655205104884], [-0.133593998604, 0.684519441276, 0.7166492255379999], [-0.9690968168759999, 0.06108356121799996, -0.23899893824399998]], "segmentation_id": 28339, "occlusion_rate": 0.7126522961574508, "t": [-0.00419288, 0.275702, 0.138091]}, {"R": [[0.7109444516708401, -0.4180109771108, 0.5655309936084001], [-0.23146013646519997, 0.62027955840084, 0.7494531137675999], [-0.6640667789796, -0.6637172496804, 0.34423134751316004]], "segmentation_id": 27454, "occlusion_rate": 0.8681291594774464, "t": [-0.2154, -0.00371077, 0.0701454]}, {"R": [[0.31209253328000003, 0.20778780784000012, 0.9270506094340001], [0.8774404445840001, 0.31110287743000004, -0.3651213780800001], [-0.3642758182300001, 0.9273831901840001, -0.08522852624000014]], "segmentation_id": 26568, "occlusion_rate": 0.9977410533824753, "t": [-0.256635, -0.153856, 0.0621535]}, {"R": [[-0.490940739066, -0.751385411064, 0.44090645651200006], [0.430688883264, -0.649252239488, -0.626881140234], [0.7572883368880001, -0.117867901434, 0.6423572847360001]], "segmentation_id": 25683, "occlusion_rate": 0.9743004564397698, "t": [0.283913, -0.148945, 0.0867097]}, {"R": [[0.35203574336000004, 0.7377022512960001, -0.57607969251], [0.01958514311999998, 0.60953807229, 0.792515835104], [0.935782477854, -0.29027627384, 0.20013102527999999]], "segmentation_id": 24797, "occlusion_rate": 0.9851859316738889, "t": [0.19493, 0.265807, 0.0499235]}, {"R": [[-0.27377457994511, -0.32068475535279994, 0.9067572157474], [-0.39767553401919997, -0.82067107844111, -0.4103084594578], [0.8757291420686, -0.4729272142142, 0.09715040420489007]], "segmentation_id": 23911, "occlusion_rate": 0.36129905277401897, "t": [0.0962477, -0.205322, 0.121697]}, {"R": [[-0.2801019585831098, -0.06521760209240003, -0.9577528343102], [-0.29384709479960003, -0.94397542792711, 0.1502172120686], [-0.9138915209858001, 0.3235088720594, 0.2452452487268899]], "segmentation_id": 23026, "occlusion_rate": 0.9940224672781613, "t": [0.332025, -0.270093, 0.0510208]}, {"R": [[-0.21489316416799997, 0.8464199606839999, 0.487230898952], [0.959715269128, 0.2754812750479999, -0.05528507976400002], [-0.18101740507599998, 0.45572259983200003, -0.8715213031279999]], "segmentation_id": 22140, "occlusion_rate": 0.9981791697013839, "t": [-0.276967, 0.194788, 0.0992552]}, {"R": [[-0.7290451747170001, -0.6833674873460001, 0.03873142531800011], [0.335723533238, -0.40632916857300017, -0.849814349634], [0.596473767486, -0.606550572378, 0.5256553630430001]], "segmentation_id": 21255, "occlusion_rate": 1.0, "t": [-0.371658, -0.264807, 0.0532413]}, {"R": [[0.21388241653999995, -0.09968136503000005, 0.9717597829160002], [0.4995355849340001, -0.8437141993400001, -0.19649347965999997], [0.8394746271400001, 0.527455319084, -0.13066129913000002]], "segmentation_id": 20369, "occlusion_rate": 0.7901496537860174, "t": [0.134257, -0.127875, 0.0493816]}, {"R": [[0.186702641534, -0.3560020466679999, -0.915644440892], [0.980520664348, 0.009650689275999935, 0.19617891504200002], [-0.06100349297200003, -0.934435381762, 0.35086915920399997]], "segmentation_id": 19483, "occlusion_rate": 0.9578878748370274, "t": [0.0672751, -0.0201098, 0.0607465]}, {"R": [[-0.19695439323999997, -0.1669725134, -0.9660898476499999], [-0.26956585503999997, -0.938189542322, 0.21710614789599997], [-0.9426259405299999, 0.303184777696, 0.13977043247199994]], "segmentation_id": 18598, "occlusion_rate": 0.9311117904820136, "t": [-0.0523183, 0.27098, 0.0471499]}, {"R": [[-0.1251827014233901, -0.10550641793040001, -0.9865079852252001], [-0.23074542617360005, -0.96396754575339, 0.1323761190978], [-0.9649280581668, 0.24420336685420002, 0.09632692278261007]], "segmentation_id": 17712, "occlusion_rate": 0.9578209167598333, "t": [-0.0752631, 0.0377714, 0.0474543]}, {"R": [[-0.4597392611629999, -0.562170041334, -0.6874625756459999], [-0.17535469307399995, -0.7014139444689999, 0.690846832998], [-0.870569170086, 0.438159171618, 0.22388835826099995]], "segmentation_id": 16827, "occlusion_rate": 0.9995741509634835, "t": [0.223478, -0.0232674, 0.0478758]}, {"R": [[-0.34685970634299995, 0.198613244476, 0.9166465964439999], [0.523380769916, 0.8519927875509998, 0.013443183447999996], [-0.778306349284, 0.484418134072, -0.399472348961]], "segmentation_id": 15941, "occlusion_rate": 0.9779800022469386, "t": [-0.0244048, 0.156272, 0.0684054]}, {"R": [[-0.31164394906299997, -0.779432502146, -0.5434734880460002], [-0.057036189634000034, -0.555581532071, 0.8295037328980001], [-0.948485809426, 0.2895074168620001, 0.12868773639099995]], "segmentation_id": 15055, "occlusion_rate": 0.9528443864753687, "t": [0.34141, 0.235414, 0.0470754]}, {"R": [[-0.6506347845289999, -0.733931816478, 0.19498543676999996], [0.19934033589, -0.41282697574499994, -0.88872840239], [0.732760985778, -0.5393689196539999, 0.41490162793499996]], "segmentation_id": 14170, "occlusion_rate": 0.995296423321901, "t": [0.383221, -0.146006, 0.049635]}, {"R": [[-0.7956134660259999, 0.276047116744, -0.539254926568], [0.533632633016, 0.740710816072, -0.40814504008600005], [0.28676488535199995, -0.612490122454, -0.736627737896]], "segmentation_id": 13284, "occlusion_rate": 0.847162181006833, "t": [-0.107392, -0.263743, 0.0651224]}, {"R": [[-0.11343150003596003, -0.7008491891027999, -0.7042332890412], [0.4959091562052, 0.57426342217996, -0.6513804166524], [0.8609345039267999, -0.42312262116360005, 0.28241785330996005]], "segmentation_id": 12399, "occlusion_rate": 0.9912614833071924, "t": [0.248305, 0.12741, 0.0488099]}, {"R": [[-0.06527473355700003, 0.653144288832, 0.754414606804], [-0.896463628896, -0.37044508399700005, 0.24315232600799996], [0.438282811732, -0.660433667784, 0.6097009096530002]], "segmentation_id": 11513, "occlusion_rate": 1.0, "t": [-0.20675, 0.28569, 0.0555815]}, {"R": [[0.20659220214499988, -0.97587961776, 0.0705577410599999], [-0.042427321776000004, -0.08098069398499994, -0.9958121362679999], [0.977506698468, 0.20273347037999984, -0.05813394540099995]], "segmentation_id": 10627, "occlusion_rate": 0.9879420407336102, "t": [-0.316607, 0.0835989, 0.0483551]}, {"R": [[0.33732348884383984, 0.48723626609760007, 0.8054896240212001], [0.19384000160640005, 0.80135500587384, -0.5659117050128], [-0.9212159177868001, 0.3470314468352, 0.17587000101215983]], "segmentation_id": 9742, "occlusion_rate": 0.9971576987160639, "t": [0.352727, 0.0432033, 0.0472446]}, {"R": [[-0.17911572448299998, -0.930052172776, 0.320812349612], [0.157650944312, 0.29473893826700004, 0.9424835216240001], [-0.971114713876, 0.21938998311199998, 0.09383122246700007]], "segmentation_id": 8856, "occlusion_rate": 1.0, "t": [-0.367567, 0.24637, 0.0475966]}, {"R": [[-0.17907282181296003, 0.42269560426959996, 0.8884035577716], [0.6062085016904, -0.6638094999309601, 0.438027089484], [0.7748830284684, 0.616996681332, -0.13737146086095997]], "segmentation_id": 7970, "occlusion_rate": 0.9137323943661972, "t": [0.0129803, -0.284233, 0.0495967]}, {"R": [[-0.40467664588100005, 0.7547323918819999, -0.516348446366], [-0.12139437795799995, 0.5153137721990001, 0.848360189026], [0.906366430546, 0.40599337675400005, -0.11691518615300014]], "segmentation_id": 7085, "occlusion_rate": 0.8875211744776962, "t": [-0.128555, -0.112854, 0.048516]}, {"R": [[-0.13400920000738997, 0.4078354891428, 0.9031668356814001], [0.5664342135132, -0.71630522259739, 0.40750177276559996], [0.8131373814066002, 0.5661939834024, -0.13502058022338997]], "segmentation_id": 6199, "occlusion_rate": 0.9055729347700151, "t": [0.0998027, 0.0792141, 0.0494304]}, {"R": [[-0.18119137918700012, -0.701242341504, 0.689512983588], [0.46924878835199996, 0.5545128404269999, 0.687255684864], [-0.8642768946839999, 0.4480780961280001, 0.22858425368299984]], "segmentation_id": 5314, "occlusion_rate": 1.0, "t": [-0.357372, -0.077668, 0.0479141]}, {"R": [[-0.17423805987583996, 0.442846016816, 0.8795041262720001], [0.5765895437440001, -0.6781522690278401, 0.45568958985920005], [0.798238436048, 0.5865116449408, -0.13718051542784004]], "segmentation_id": 4428, "occlusion_rate": 0.9800153727901614, "t": [-0.246845, -0.284018, 0.0494401]}, {"R": [[0.2732885695450001, -0.76193297686, 0.587171932016], [-0.305749007684, 0.5099497906250001, 0.8040324225800001], [-0.9120473032, -0.39926022971600006, -0.09359683173499993]], "segmentation_id": 3542, "occlusion_rate": 0.9508089912042567, "t": [-0.174274, 0.145629, 0.0520245]}, {"R": [[0.10156665432174988, 0.603269605202, -0.791043278486], [-0.49355806609400005, -0.6598384093217501, -0.566580249608], [-0.863761610858, 0.447971569736, 0.23073106116175005]], "segmentation_id": 2657, "occlusion_rate": 0.8036316729509824, "t": [0.176341, -0.258054, 0.0480164]}, {"R": [[-0.46073871942299993, -0.8851602296339999, 0.06489672892199999], [0.22500569446199992, -0.18722389052699995, -0.9562008352859999], [0.858541003686, -0.42595653277799994, 0.2854273327829999]], "segmentation_id": 1771, "occlusion_rate": 0.9521325559987727, "t": [-0.0123787, -0.141206, 0.0488588]}, {"R": [[0.7344606970760001, -0.622708018318, 0.269816243428], [0.11884102247799994, -0.27342187547599994, -0.9545239055320001], [0.6681638217320001, 0.733126045628, -0.126814452626]], "segmentation_id": 886, "occlusion_rate": 0.8369935408103347, "t": [0.090899, 0.235618, 0.0512853]}]