[{"R": [[0.2342446057650001, -0.14835911963999993, 0.96079074778], [-0.799126624104, 0.5334383051649999, 0.2772003570720001], [-0.553647837572, -0.8327262280800001, 0.006397323621000046]], "segmentation_id": 65535, "occlusion_rate": 0.11987737979993551, "t": [0.201482, 0.180045, 0.266675]}, {"R": [[-0.47200630571, 0.0047027302200000065, 0.8815822278600001], [0.69769459134, 0.613281641212, 0.370279865166], [-0.5389170598199999, 0.789849862734, -0.292753974788]], "segmentation_id": 64716, "occlusion_rate": 0.291297236808126, "t": [0.0722573, -0.229688, 0.295179]}, {"R": [[-0.4703120220022592, 0.1910169234838, 0.86157983041766], [0.2069582609642, -0.9251948714882591, 0.31809337508048], [0.8578901721423399, 0.32791409239952, 0.395597608469741]], "segmentation_id": 63897, "occlusion_rate": 0.9598531407135446, "t": [0.00296595, 0.305525, 0.236145]}, {"R": [[0.007159758060000215, 0.11944475887199996, 0.9928156128400001], [0.993619390328, -0.11260961634000005, 0.006382407719999872], [0.11256286548, 0.98643457844, -0.11948881717200008]], "segmentation_id": 63077, "occlusion_rate": 0.11914854404718023, "t": [-0.0259359, 0.0721273, 0.267803]}, {"R": [[-0.67728255131, 0.68760742778, 0.261699024908], [0.40885770286, 0.6474850059080001, -0.6431178388300001], [-0.6116581832920001, -0.32857449851000003, -0.7196631673400001]], "segmentation_id": 62258, "occlusion_rate": 0.8595027669943008, "t": [-0.0925742, -0.289196, 0.287699]}, {"R": [[0.15634328600099992, 0.9256606504459999, 0.3445431773819999], [0.6630863731659999, 0.16017003041700004, -0.731206459914], [-0.732034222278, 0.342780958506, -0.5887512002889997]], "segmentation_id": 61439, "occlusion_rate": 0.9215559157212317, "t": [0.299931, 0.237622, 0.2215]}, {"R": [[-0.257564747738, -0.43199119199600006, 0.8643179760280001], [-0.8030334083720001, -0.401789102012, -0.44011863794600004], [0.537400501196, -0.807434629222, -0.24341646158800012]], "segmentation_id": 60620, "occlusion_rate": 1.0, "t": [-0.39608, 0.0616783, 0.229623]}, {"R": [[0.26137008667500006, 0.9449809626080001, -0.19671203895600003], [0.5330248324, 0.028599519380999944, 0.8456154940080001], [0.8047168284600001, -0.3258711646800001, -0.49622351636500006]], "segmentation_id": 59801, "occlusion_rate": 0.10809047411918227, "t": [-0.17662, -0.181583, 0.280341]}, {"R": [[0.8127804574760001, 0.025167137082000024, 0.582027134172], [-0.33986214586200003, 0.8319230949640001, 0.4386327936120001], [-0.47316243670800007, -0.554320864692, 0.6847238342660001]], "segmentation_id": 58982, "occlusion_rate": 0.8930516953863258, "t": [-0.302468, 0.161836, 0.202084]}, {"R": [[0.06904914081698994, 0.1727437797146, 0.9825442181952], [0.22125079615739998, 0.9577161273129899, -0.18392727549439997], [-0.9727700855488, 0.23008855695359998, 0.027909758273009993]], "segmentation_id": 58162, "occlusion_rate": 0.9850575588930396, "t": [0.13793, -0.308741, 0.238699]}, {"R": [[-0.89258596706396, -0.41262077113199996, -0.1817518058208], [-0.14123133219599998, -0.12695256716796, 0.9818024672935999], [-0.4281860932992, 0.9020124573463999, 0.05504111722404004]], "segmentation_id": 57343, "occlusion_rate": 0.9556051808843233, "t": [-0.165619, -0.273154, 0.209596]}, {"R": [[-0.72448235923271, 0.46000119963180003, -0.513346102146], [0.16392397724820001, -0.60839666763471, -0.7765194379953999], [-0.6695179265219999, -0.6467243649646, 0.36536742454328996]], "segmentation_id": 56524, "occlusion_rate": 0.0922222222222222, "t": [0.199634, -0.0310249, 0.269895]}, {"R": [[0.750606462864, -0.509311875638, -0.420941712408], [0.659449319578, 0.617387900976, 0.42890482468799995], [0.04143798763200002, -0.599528287128, 0.7992804890140001]], "segmentation_id": 55705, "occlusion_rate": 0.9911939615736505, "t": [0.390866, 0.148541, 0.149441]}, {"R": [[0.5052022757969998, -0.437326152474, -0.7439876983459999], [0.13113632595400002, 0.890984433099, -0.43468517617799995], [0.852980142174, 0.12204005381799995, 0.507476404101]], "segmentation_id": 54886, "occlusion_rate": 0.1074595298137151, "t": [0.129149, 0.0343908, 0.227732]}, {"R": [[-0.5290958754229999, -0.452828838234, -0.7176374249940001], [0.808850421786, -0.013445825008999934, -0.5878605964379999], [0.256551019614, -0.8914960061219999, 0.373384950529]], "segmentation_id": 54066, "occlusion_rate": 0.18991372226787184, "t": [-0.0455022, -0.0134951, 0.216682]}, {"R": [[-0.48571107139700004, -0.8720064333499999, 0.060725956670000025], [0.5408763193299999, -0.24524164656500003, 0.804554192378], [-0.68668454825, 0.42362651177800004, 0.5907647723149999]], "segmentation_id": 53247, "occlusion_rate": 0.12218568176068811, "t": [0.0827946, 0.163849, 0.228336]}, {"R": [[0.37230420644819506, -0.44648766547396, 0.81365705697442], [-0.45410724594604, 0.6769435016801952, 0.5792525948461], [-0.8094292130655801, -0.5851458997859, 0.04927564229380493]], "segmentation_id": 52428, "occlusion_rate": 1.0, "t": [-0.386962, -0.0757614, 0.154555]}, {"R": [[0.2683455648800001, -0.567480882608, -0.77843256668], [0.7594612290080001, 0.62174508388, -0.19144933400000003], [0.5926301162000001, -0.5398144623200001, 0.597821918992]], "segmentation_id": 51609, "occlusion_rate": 1.0, "t": [-0.387019, 0.251754, 0.158135]}, {"R": [[0.949641541506, -0.08884808162, -0.300479086092], [-0.277783161292, -0.68240892726, -0.676132599006], [-0.14497647426000002, 0.7255513727699999, -0.67272412438]], "segmentation_id": 50790, "occlusion_rate": 0.09566486035848265, "t": [0.0330291, -0.11795, 0.236018]}, {"R": [[-0.81968543058424, -0.45007460901679996, -0.35432752832080006], [0.17831309255119995, 0.3873512139102401, -0.9045235398963999], [0.5443524520312, -0.8046062636596, -0.23725202752976016]], "segmentation_id": 49970, "occlusion_rate": 0.535024906600249, "t": [0.302738, 0.00152925, 0.221451]}, {"R": [[0.42772560643871, -0.6353547567452, -0.6429434131094001], [-0.5066595596348, 0.4205314142467101, -0.752629068031], [0.7485639518506, 0.6476717968969999, -0.14203642940070998]], "segmentation_id": 49151, "occlusion_rate": 0.232773851590106, "t": [-0.0281573, 0.18387, 0.22211]}, {"R": [[0.884363316447, 0.009534926048000048, -0.466700634564], [0.457111606224, 0.18492793014299996, 0.869970983828], [0.09460114466799999, -0.9827052551159999, 0.15918504197699995]], "segmentation_id": 48332, "occlusion_rate": 0.2017136368328688, "t": [-0.0771927, -0.158012, 0.199507]}, {"R": [[-0.46671954796425014, 0.33892362724999997, 0.8168867535150001], [-0.23948294989, -0.9375804108037501, 0.252172995417], [0.851364263925, -0.07793637018299998, 0.5187534500537501]], "segmentation_id": 47513, "occlusion_rate": 1.0, "t": [-0.374483, -0.299542, 0.182961]}, {"R": [[0.30536721889900015, 0.716192078852, 0.6275501577639999], [-0.24748031685200006, 0.696073196051, -0.673969607036], [-0.9195127987639999, 0.05050192696400008, 0.38980148919700014]], "segmentation_id": 46694, "occlusion_rate": 0.798071178629342, "t": [0.129888, 0.294069, 0.194196]}, {"R": [[0.558407212932, -0.818068757824, 0.13764319761599997], [-0.03239145049600006, -0.18729663423600001, -0.981769587312], [0.828934820304, 0.5437685501280001, -0.1310861755160001]], "segmentation_id": 45875, "occlusion_rate": 0.8867611857853066, "t": [0.00829963, -0.27299, 0.204911]}, {"R": [[0.23167254635099988, -0.060161610536, -0.970932232848], [0.567349442776, 0.819118513233, 0.084619501056], [0.7902173308320001, -0.570461594496, 0.22389981723099994]], "segmentation_id": 45055, "occlusion_rate": 1.0, "t": [-0.364239, -0.198602, 0.132642]}, {"R": [[0.6813076820949998, 0.6868787928, 0.2530177326], [-0.50531835984, 0.691415254063, -0.516332168616], [-0.5295977758799999, 0.22392649941599996, 0.8181587409129999]], "segmentation_id": 44236, "occlusion_rate": 1.0, "t": [0.38895, 0.293162, 0.138817]}, {"R": [[0.05734939489299998, 0.916797856744, -0.39521368670800006], [0.010697744632000017, 0.395278166773, 0.9184997825360001], [0.9982974138760001, -0.05690326992799999, 0.01286128711700002]], "segmentation_id": 43417, "occlusion_rate": 1.0, "t": [0.395193, 0.00676514, 0.154024]}, {"R": [[0.04131619778699995, 0.8030094523540001, 0.5945322785220001], [-0.12442694453800002, 0.5945434467570001, -0.7943776585260001], [-0.9913681184340001, -0.04115517370200006, 0.12448029725299999]], "segmentation_id": 42598, "occlusion_rate": 0.8838482916462318, "t": [-0.276194, -0.164545, 0.191018]}, {"R": [[0.5564394813389998, -0.08719018250200003, -0.826300825182], [-0.44796473096199996, 0.8060858527889999, -0.386721186078], [0.699787668822, 0.585340540218, 0.4094798512209999]], "segmentation_id": 41779, "occlusion_rate": 0.19343619013644875, "t": [-0.151122, 0.0168613, 0.181401]}, {"R": [[0.6417522372610001, 0.751161638466, -0.15462373603799995], [0.10643557343400001, -0.28690399038699993, -0.952027210686], [-0.759489154338, 0.594508649286, -0.264071829709]], "segmentation_id": 40959, "occlusion_rate": 0.43229568647628847, "t": [0.125743, -0.126549, 0.205932]}, {"R": [[0.5368883751319999, -0.794591232796, -0.28350563222599995], [-0.2626668781639999, -0.4767791927059999, 0.8388608410280001], [-0.8017211372140001, -0.37590713249200003, -0.46469005151599996]], "segmentation_id": 40140, "occlusion_rate": 0.49489707663034077, "t": [0.217359, 0.126911, 0.182834]}, {"R": [[-0.09687097770700004, 0.8561249919740002, 0.507606405746], [-0.991903425794, -0.12511541501900003, 0.021725058837999967], [0.082108823734, -0.5013924435020001, 0.861314118091]], "segmentation_id": 39321, "occlusion_rate": 0.3462798883359631, "t": [0.203986, -0.218288, 0.153715]}, {"R": [[0.35649859979500004, 0.890932171246, 0.2813339000780001], [-0.14320544334999996, -0.24545379035500006, 0.9587725416099999], [0.92325570569, -0.382089586078, 0.04008240102099994]], "segmentation_id": 38502, "occlusion_rate": 0.17681859845012915, "t": [-0.140996, 0.162744, 0.163956]}, {"R": [[-0.15443043573183562, -0.74547893110032, -0.64839189974652], [-0.7473034385236801, 0.5174210402581644, -0.41690849082328], [0.64628821986948, 0.42016220943272004, -0.6370046361481644]], "segmentation_id": 37683, "occlusion_rate": 0.8288815478999528, "t": [-0.159862, 0.308539, 0.166664]}, {"R": [[-0.11477652746259012, -0.10759101052699999, 0.9875475700422001], [0.223696452629, 0.96578526338259, 0.13121890874820002], [-0.9678770199378, 0.23597177667180003, -0.08678176530541007]], "segmentation_id": 36863, "occlusion_rate": 0.7088353413654618, "t": [-0.284962, 0.0549487, 0.15136]}, {"R": [[-0.523550826748, -0.08307373952000002, 0.847933669136], [0.7386078972800001, 0.45182110438000006, 0.5003141866399999], [-0.424677674864, 0.88823120024, -0.17519254845199994]], "segmentation_id": 36044, "occlusion_rate": 0.5655515860127747, "t": [0.0159891, -0.0670623, 0.138124]}, {"R": [[0.2440385199729999, 0.969149478372, -0.03458759048399995], [0.764991999444, -0.21430538627699997, -0.607340311748], [-0.596015313252, 0.12175509048399999, -0.793689647397]], "segmentation_id": 35225, "occlusion_rate": 1.0, "t": [-0.381355, 0.133964, 0.097437]}, {"R": [[-0.44956106411100005, -0.543012901812, -0.709246493924], [0.892856209332, -0.29671286755900006, -0.3387742828560001], [-0.02648377116399997, -0.7855553537040001, 0.6182233796730001]], "segmentation_id": 34406, "occlusion_rate": 0.6109850746268657, "t": [-0.157261, -0.0938658, 0.145895]}, {"R": [[0.8947106557657598, -0.30539624722799996, -0.3259252383648], [0.09199339579199999, -0.58806880931776, 0.8035630510439999], [-0.4370713259352, -0.7489389120959999, -0.4980566718342401]], "segmentation_id": 33587, "occlusion_rate": 0.8531625769869977, "t": [0.28426, 0.120615, 0.112462]}, {"R": [[0.07166901694499994, -0.1145942527499999, 0.990823236678], [-0.90444775635, 0.41134561395299996, 0.11299565924999999], [-0.420519660822, -0.90424660365, -0.07416381694499996]], "segmentation_id": 32768, "occlusion_rate": 0.8548832777513101, "t": [0.26813, -0.302626, 0.130462]}, {"R": [[0.10075878314099998, -0.9896689994379999, -0.10198559115], [-0.004252647529999931, -0.102934742085, 0.9946780763099998], [-0.9949008514619999, -0.09978893753399992, -0.014580306474999943]], "segmentation_id": 31948, "occlusion_rate": 0.8278127313101407, "t": [-0.0787083, -0.267142, 0.12709]}, {"R": [[0.467692244325, -0.482468864598, 0.740598530786], [0.24020861955000003, 0.875727774539, 0.41880676750199997], [-0.85062459887, -0.017974540470000022, 0.525464682165]], "segmentation_id": 31129, "occlusion_rate": 0.982451403887689, "t": [0.155384, -0.0506793, 0.141579]}, {"R": [[0.136411557504, 0.936425722136, -0.32326320460800007], [0.3358373039759999, 0.26327754508800005, 0.904377457184], [0.9319900953279999, -0.23193134054400005, -0.2785725417839998]], "segmentation_id": 30310, "occlusion_rate": 0.9736164164519854, "t": [0.053468, -0.219946, 0.115866]}, {"R": [[-0.08210276445684002, 0.3610364164104, -0.9289297840936], [0.13672926911760003, 0.92734370908916, 0.3483352607208], [0.9871995465544, -0.09841266646320002, -0.12550180892916]], "segmentation_id": 29491, "occlusion_rate": 0.916102724275551, "t": [0.0850208, 0.186434, 0.130374]}, {"R": [[0.17960982903300005, -0.42865054923800006, -0.8854372624860001], [0.6459272680860001, 0.7302548302470001, -0.22249938671800001], [0.7419692739620001, -0.531964960674, 0.408037996953]], "segmentation_id": 28672, "occlusion_rate": 0.9934581951787794, "t": [-0.22899, -0.303021, 0.142719]}, {"R": [[-0.826907743737, -0.545589646452, -0.13622306698400002], [-0.003602542604000003, -0.23709930737700013, 0.9714793580279999], [-0.562327136088, 0.803814069964, 0.19409362661700014]], "segmentation_id": 27852, "occlusion_rate": 0.5805048790835808, "t": [0.290045, -0.110634, 0.127581]}, {"R": [[0.400171299761, 0.20476342569199996, -0.8932730454039999], [0.7279495582119999, 0.5211179516409998, 0.445564119376], [0.556735336444, -0.8285589196159999, 0.05947894735299997]], "segmentation_id": 27033, "occlusion_rate": 0.9847567131031698, "t": [0.04502, 0.0677553, 0.147264]}, {"R": [[-1.9178772900918517e-06, -0.9934450422186, -0.11431357383220002], [0.9829498270214, -0.02102135742471012, 0.182670154008], [-0.1838757260478, -0.11236412104399998, 0.9765063577607099]], "segmentation_id": 26214, "occlusion_rate": 0.7185407842601448, "t": [-0.244698, -0.0574408, 0.0858604]}, {"R": [[-0.64980325133267, -0.1375219055214, -0.74755676503656], [0.028081113121799985, 0.97848083626035, -0.2044122331216], [0.75958201830744, -0.1538201399872, -0.63195900095733]], "segmentation_id": 25395, "occlusion_rate": 0.9876028270188855, "t": [-0.259918, -0.166813, 0.0780295]}, {"R": [[0.65481784285056, -0.4630862071856, 0.5972997325356], [-0.38290714044639995, 0.47809658257656007, 0.7904479695791999], [-0.6516117920724, -0.7463089410768, 0.13574700729344003]], "segmentation_id": 24576, "occlusion_rate": 0.9378359192779637, "t": [-0.0134129, 0.282565, 0.122218]}, {"R": [[-0.19120915821799994, 0.917465677608, -0.34884889545600006], [-0.017725491744000066, 0.35212088403200004, 0.9357865427580001], [0.9813891319920001, 0.18511449720599998, -0.05106621356799987]], "segmentation_id": 23756, "occlusion_rate": 0.9893076434469616, "t": [-0.0943503, -0.134907, 0.0483148]}, {"R": [[0.038469818380440016, -0.3139369557296, 0.9486645180600001], [0.49910678235040007, 0.8284996970415601, 0.2539318387656], [-0.865686548244, 0.4637160195144, 0.18856023005955996]], "segmentation_id": 22937, "occlusion_rate": 0.9651182576144292, "t": [0.235155, 0.282456, 0.146847]}, {"R": [[0.2968592926770002, 0.953748141534, 0.04728935397799994], [-0.6799602036219999, 0.17635214364300011, 0.711724162194], [0.670466943234, -0.243437146058, 0.700863520293]], "segmentation_id": 22118, "occlusion_rate": 0.9248554913294798, "t": [-0.0360272, -0.00137334, 0.0834562]}, {"R": [[-0.696478307295, 0.67083059567, -0.254768258298], [-0.22836057375000002, -0.543786221073, -0.80755840667], [-0.680273475802, -0.50426723445, 0.531925878705]], "segmentation_id": 21299, "occlusion_rate": 0.9748583569405099, "t": [-0.0783687, 0.123779, 0.0757439]}, {"R": [[0.71206956108561, 0.5242101680136, 0.4670762759312], [-0.5502864928503999, 0.8298443168343901, -0.0924272320008], [-0.43605197347679997, -0.1912111847672, 0.8793728258583899]], "segmentation_id": 20480, "occlusion_rate": 0.4596078431372549, "t": [-0.255234, 0.187788, 0.0962266]}, {"R": [[0.37800784985899993, -0.640571722362, 0.66841491999], [-0.89606364837, -0.434668499565, 0.09018760926999997], [0.232767211662, -0.6330337552659999, -0.7383009286050001]], "segmentation_id": 19661, "occlusion_rate": 0.9698382631502258, "t": [0.225273, 0.0337042, 0.0652022]}, {"R": [[-0.04639940618228999, 0.2759325883194, -0.9600553458082], [-0.3140297933086, -0.9163933537217099, -0.2482065175914], [-0.9482775697157999, 0.2899696417966, 0.12917129253770998]], "segmentation_id": 18841, "occlusion_rate": 0.8988615572270787, "t": [-0.209933, 0.113241, 0.0470879]}, {"R": [[0.34881266054000015, -0.88178024883, 0.31747989486], [-0.206963615742, 0.257917832444, 0.9437396974200001], [-0.9140546770440001, -0.39489510949200013, -0.09253141570999998]], "segmentation_id": 18022, "occlusion_rate": 0.9772565017848037, "t": [0.363958, 0.0898818, 0.0520111]}, {"R": [[0.2956350658177499, -0.488184520512, -0.821144212034], [0.27971637460800003, -0.7776571757697499, 0.5630365014059999], [-0.913433463806, -0.396140412066, -0.09334943113424993]], "segmentation_id": 17203, "occlusion_rate": 0.996134732192159, "t": [0.0942129, -0.129932, 0.0519272]}, {"R": [[0.4106294539920001, 0.821073786696, 0.396514158678], [-0.5950823953679999, -0.08815724386199997, 0.7988162697360001], [0.690841938474, -0.5639754665520001, 0.4524060995279999]], "segmentation_id": 16384, "occlusion_rate": 0.8432835820895522, "t": [-0.122664, 0.258109, 0.050914]}, {"R": [[-0.16841347594500006, 0.66033433518, 0.731845080356], [0.335883135756, -0.6595735955350001, 0.67241872812], [0.9267260517400001, 0.35905848074400004, -0.11071398814499994]], "segmentation_id": 15565, "occlusion_rate": 0.9992813879478493, "t": [0.367968, 0.225312, 0.0479989]}, {"R": [[0.17311734360499997, -0.66309611074, -0.72823905734], [-0.338678429692, 0.654232840181, -0.67622075054], [0.924838092844, 0.363704729308, -0.11131739879500002]], "segmentation_id": 14745, "occlusion_rate": 1.0, "t": [-0.367973, -0.0917925, 0.0480488]}, {"R": [[-0.33615885405, 0.24862260054400007, 0.9083957300400001], [-0.59705801836, -0.80219609004, -0.0013895499059999872], [0.728366475456, -0.5428323964500001, 0.41810769164]], "segmentation_id": 13926, "occlusion_rate": 0.972972972972973, "t": [0.0871432, 0.0247334, 0.0496658]}, {"R": [[0.15090464100800008, -0.17220560810399999, 0.9734331029279999], [0.43571023048799995, 0.8954875552480001, 0.09087145569599997], [-0.8873462528159999, 0.41042204491199996, 0.210165079592]], "segmentation_id": 13107, "occlusion_rate": 0.9970793783248149, "t": [-0.341669, 0.0227536, 0.0477075]}, {"R": [[0.6536231764, 0.736173110392, -0.175577487706], [-0.21347241200000006, 0.40190752450600004, 0.8904501279920001], [0.72609078769, -0.54453746672, 0.41984839496]], "segmentation_id": 12288, "occlusion_rate": 0.9922526118088978, "t": [0.187783, 0.14727, 0.0496889]}, {"R": [[-0.20209337944500005, -0.869508119194, 0.4506824867580001], [0.23826718180999995, 0.40269981328500004, 0.8837773575300001], [-0.94994095779, 0.28598828344200006, 0.125792232181]], "segmentation_id": 11469, "occlusion_rate": 0.8550328780981284, "t": [0.232546, -0.217917, 0.0470388]}, {"R": [[0.003807626505690054, 0.1818175438834, 0.9833247477857999], [0.1186477019966, -0.9764680639163099, 0.180090310272], [0.9929289509742, 0.11598352374, -0.025290263532310175]], "segmentation_id": 10649, "occlusion_rate": 0.9884173841738417, "t": [0.228111, 0.271168, 0.0481496]}, {"R": [[0.11043898167600003, -0.7381409628840001, 0.665545301018], [0.05983431599600003, -0.663489058458, -0.745789193676], [0.992079877542, 0.12218668375600006, -0.029108905116000006]], "segmentation_id": 9830, "occlusion_rate": 1.0, "t": [-0.178626, -0.268283, 0.048038]}, {"R": [[0.3542610736200001, -0.578399160076, -0.7348159334100002], [0.2754519757, -0.6863736930900002, 0.673066352724], [-0.893658913374, -0.44084749938, -0.08383425010000006]], "segmentation_id": 9011, "occlusion_rate": 1.0, "t": [-0.368716, -0.269975, 0.0529003]}, {"R": [[-0.18675864899299993, 0.136955550086, -0.972812575978], [-0.467535653978, -0.883296895537, -0.034596679726], [-0.8640205685860001, 0.448363351858, 0.22899494628699996]], "segmentation_id": 8192, "occlusion_rate": 0.963951655281135, "t": [0.230137, -0.0743173, 0.0479166]}, {"R": [[-0.03470089236000007, -0.53739649024, -0.8426170657380001], [0.007941265040000034, -0.843246492762, 0.53747088096], [-0.999367521738, 0.011959257840000015, 0.03352896916000003]], "segmentation_id": 7373, "occlusion_rate": 0.9911129064835387, "t": [0.0369425, 0.145933, 0.0494966]}, {"R": [[0.18449658386799989, -0.7182134262139999, 0.670917481268], [-0.9412222596219999, -0.32564093381199993, -0.08976871360400002], [0.282951321356, -0.614920513852, -0.7360781841019999]], "segmentation_id": 6554, "occlusion_rate": 0.9056075903174796, "t": [-0.258576, 0.288729, 0.064979]}, {"R": [[-0.056270865287999905, 0.21976900197600002, 0.973928345764], [0.732498848484, -0.653762708456, 0.18984468703199997], [0.6784395874959999, 0.724083665052, -0.1241926701360001]], "segmentation_id": 5734, "occlusion_rate": 0.9742463802516022, "t": [-0.156205, 0.0082256, 0.0508781]}, {"R": [[-0.41514142903, -0.8914341827000001, 0.18167075750800005], [0.2855890750600001, 0.061901694691999964, 0.95635173065], [-0.8637696720920001, 0.44890405481, 0.22888572578000005]], "segmentation_id": 4915, "occlusion_rate": 0.9717215661901802, "t": [0.372391, -0.0716416, 0.0479501]}, {"R": [[-0.759240890235, -0.64659091752, 0.07397863909200003], [0.30375821015999993, -0.45260135246699995, -0.83838078972], [0.575572413708, -0.61406154756, 0.5400409201649999]], "segmentation_id": 4096, "occlusion_rate": 1.0, "t": [0.114184, -0.26575, 0.0536301]}, {"R": [[-0.5904611731389999, -0.7776391759980001, -0.21594886351799997], [0.004830883098000005, -0.270973333971, 0.962575249802], [-0.807052205418, 0.567319804798, 0.163755835011]], "segmentation_id": 3277, "occlusion_rate": 0.7084582441113491, "t": [0.355734, -0.251265, 0.052041]}, {"R": [[0.1887034809360001, 0.86947144824, -0.4565206011980001], [-0.2226308354479999, -0.41489265717000007, -0.882213271536], [-0.9564659793900001, 0.26811218932, 0.11527942811999992]], "segmentation_id": 2458, "occlusion_rate": 0.9787212585720049, "t": [-0.0123798, -0.248665, 0.0471362]}, {"R": [[-0.380252425212, 0.911647037084, -0.15590680959000008], [0.14756796871600003, -0.10660749586200013, -0.98328922338], [-0.9130339249500001, -0.3969051297, -0.09399218205999993]], "segmentation_id": 1638, "occlusion_rate": 1.0, "t": [-0.369144, 0.254294, 0.0519772]}, {"R": [[-0.13466764009160997, 0.2776663044354, 0.9511912352566], [-0.3842425570206, -0.89945761857839, 0.2081642757324], [0.9133569948393999, -0.3374553773436, 0.22781919193839]], "segmentation_id": 819, "occlusion_rate": 0.9764946844825905, "t": [0.069481, 0.279027, 0.0495918]}]