[{"R": [[-0.71494568144, -0.29784533696000004, -0.63256695358], [0.65633897998, -0.5977253336480001, -0.46037342646400004], [-0.24098120024000003, -0.7443202964360001, 0.622828612352]], "segmentation_id": 65535, "occlusion_rate": 0.10165770117466244, "t": [-0.133393, -0.043768, 0.221253]}, {"R": [[-0.160880605701, 0.10835646816000002, 0.9810084635799999], [0.40743837264000005, -0.8980182051009999, 0.16600775556000003], [0.8989508898199999, 0.42640764324, 0.10032506454899998]], "segmentation_id": 64599, "occlusion_rate": 0.09766150740242263, "t": [-0.132352, 0.177468, 0.233303]}, {"R": [[0.81997066148991, 0.32089560061140004, 0.4739966747696], [-0.1547934590126, -0.6729149570999098, 0.7233416657754], [0.5510769630744, -0.6664909556085999, -0.5020983038700899]], "segmentation_id": 63663, "occlusion_rate": 0.3058881823437113, "t": [-0.23604, -0.175151, 0.241076]}, {"R": [[-0.563520821407, 0.778229093678, -0.277134132434], [-0.34689474262599995, 0.08154223585699993, 0.9343524319419999], [0.7497385458579999, 0.622663558666, 0.22401288206300002]], "segmentation_id": 62726, "occlusion_rate": 0.5098646377068035, "t": [-0.250885, -0.0210956, 0.208891]}, {"R": [[-0.58705786078164, 0.4281838312895999, -0.687038869868], [0.6207702111104, -0.30663761741964, -0.7215389459855999], [-0.519623081748, -0.8500780624144, -0.08578971214164]], "segmentation_id": 61790, "occlusion_rate": 1.0, "t": [-0.333356, -0.293363, 0.202336]}, {"R": [[0.16228147917900004, -0.9838659111779999, -0.07530799883000006], [-0.58522995795, -0.15741474047500004, 0.79544025555], [-0.794461655578, -0.08501277935399998, -0.601333692315]], "segmentation_id": 60854, "occlusion_rate": 0.06314766839378239, "t": [0.00643141, -0.167626, 0.245779]}, {"R": [[-0.06039406432000011, 0.407826984592, -0.9110591967560001], [-0.08887922894000005, -0.9112969706560001, -0.40204162259200005], [-0.99420933008, 0.05669333534000001, 0.09128431448000013]], "segmentation_id": 59918, "occlusion_rate": 1.0, "t": [-0.352878, 0.0417133, 0.166626]}, {"R": [[0.2597653697470001, -0.9599484989039999, 0.10498488812399998], [-0.503505982824, -0.22740926974900005, -0.8335272904319999], [0.824017398204, 0.1636609241280001, -0.542412595699]], "segmentation_id": 58982, "occlusion_rate": 0.5688195567392752, "t": [0.317251, -0.138904, 0.189306]}, {"R": [[0.520699552019, -0.37551178877999997, 0.766722314208], [-0.789900230892, 0.12884998116500004, 0.5995461130559999], [-0.3239287512, -0.91781741808, -0.22952469432499992]], "segmentation_id": 58045, "occlusion_rate": 0.8983408195068292, "t": [0.267347, 0.29702, 0.223935]}, {"R": [[0.5954315698577601, -0.17812470858800003, -0.7834106386555999], [-0.21130019347600001, -0.9755029101922401, 0.061202086525600004], [-0.7751211962044, 0.1290932041144, -0.6184832017102402]], "segmentation_id": 57109, "occlusion_rate": 0.783989092325672, "t": [-0.158255, 0.298912, 0.188615]}, {"R": [[-0.95220613186364, -0.305284928768, -0.010246999422399983], [0.15548442918400002, -0.45554636007236016, -0.8765286717472001], [0.2629229564176, -0.8362290549728, 0.4812409925356401]], "segmentation_id": 56173, "occlusion_rate": 0.7826940231935772, "t": [0.195699, -0.300661, 0.220505]}, {"R": [[0.09033112930599986, 0.941102406936, -0.3258299188320001], [0.1607876480160001, 0.309094260992, 0.937340204694], [0.982845973992, -0.137060522214, -0.12339689593600016]], "segmentation_id": 55237, "occlusion_rate": 0.0995982073868027, "t": [0.255165, 0.0621137, 0.199411]}, {"R": [[0.612066624452, 0.7883857842740001, 0.061830067756000084], [0.003373718413999971, 0.07558220303600015, -0.9971341953320001], [-0.790799418404, 0.610520958388, 0.04360153796600011]], "segmentation_id": 54300, "occlusion_rate": 0.0940634764019076, "t": [0.0399654, 0.0599037, 0.206003]}, {"R": [[-0.609440560652, -0.783662900076, -0.12023282184600004], [0.30221766867600003, -0.369824048534, 0.878576077092], [-0.7329720002460001, 0.49910309710800005, 0.46222225680400003]], "segmentation_id": 53364, "occlusion_rate": 1.0, "t": [-0.331639, -0.136172, 0.148008]}, {"R": [[0.05484610688999997, -0.99506423192, -0.08271275436000008], [0.445117971272, 0.0985166975040001, -0.89003751201], [0.8937920435040001, 0.01199814517800002, 0.44832370928]], "segmentation_id": 52428, "occlusion_rate": 0.08828752642706128, "t": [0.118734, 0.189552, 0.196708]}, {"R": [[0.06352090658799986, 0.767863987282, -0.6374573894359999], [0.41963835716599995, -0.600085417948, -0.6810308893479999], [-0.905467103492, -0.22424165555600004, -0.36034280385799994]], "segmentation_id": 51492, "occlusion_rate": 0.7747183979974969, "t": [0.271846, -0.289093, 0.152855]}, {"R": [[0.08408557740724987, 0.30263716618700004, -0.9493886196440001], [0.06872559989300003, -0.9522553695047501, -0.29746410365600007], [-0.9940849045160002, -0.04023489389600002, -0.10086994459075005]], "segmentation_id": 50556, "occlusion_rate": 0.28258506813811557, "t": [0.274933, 0.198128, 0.165695]}, {"R": [[0.80759561752, 0.5422721318, -0.23179936936000006], [0.23861013090400005, 0.05898858296000008, 0.969322570928], [0.539309946128, -0.83813004728, -0.08175267490399994]], "segmentation_id": 49619, "occlusion_rate": 0.4322447447447447, "t": [-0.100571, -0.258342, 0.165767]}, {"R": [[-0.775416738348, 0.629002732768, -0.05553789513599999], [0.156070296736, 0.10568652037200005, -0.9820755753120001], [-0.6118586095680001, -0.7701856499040001, -0.18011973882799998]], "segmentation_id": 48683, "occlusion_rate": 0.27100799376096707, "t": [0.0089114, 0.222666, 0.167879]}, {"R": [[0.71517497893644, 0.530328062584, 0.4552759269456], [0.443802017496, -0.8477734679415599, 0.29037766862799996], [0.5399664738544, -0.005618470187999991, -0.8416673416635599]], "segmentation_id": 47747, "occlusion_rate": 0.7955452826223997, "t": [-0.294374, 0.241007, 0.190233]}, {"R": [[0.3950954227849999, -0.80259298248, -0.44692863768], [0.9152273038559999, 0.3020013210549999, 0.26674947079199995], [-0.07911817099200003, -0.5144325051599999, 0.853873883231]], "segmentation_id": 46811, "occlusion_rate": 0.9028551532033426, "t": [0.175791, 0.30068, 0.143407]}, {"R": [[0.30901872092576005, -0.9446408916624002, -0.1102666231752], [-0.9312328339656001, -0.27698987757024013, -0.23681158953439999], [0.1931593935888, 0.1758633156536, -0.9652767764457602]], "segmentation_id": 45875, "occlusion_rate": 0.345175107079869, "t": [-0.0787808, -0.116851, 0.179747]}, {"R": [[-0.26705189951999997, -0.6028082481539999, 0.7518667536399999], [0.5297964145499999, 0.5598819593599998, 0.637060489296], [-0.8049827068959998, 0.5684650594799999, 0.16984826774999998]], "segmentation_id": 44938, "occlusion_rate": 0.11121112929623567, "t": [0.137017, -0.149207, 0.228325]}, {"R": [[0.54282378017571, 0.5729473393608, 0.6140627922417999], [0.3840751193992, 0.48087243579770994, -0.788192505654], [-0.7468788851981999, 0.6636960672100001, 0.04097418743228993]], "segmentation_id": 44002, "occlusion_rate": 0.9748922770964534, "t": [0.383537, -0.0199425, 0.171483]}, {"R": [[0.7782737907063602, 0.45841542676200003, 0.42912130393799996], [-0.270109051938, -0.37252901910635994, 0.8878418329140001], [0.566860562262, -0.8068936216860001, -0.16610742464364]], "segmentation_id": 43066, "occlusion_rate": 0.30193328278999243, "t": [-0.146767, 0.0822401, 0.151084]}, {"R": [[0.21756193426799986, 0.39716994952199997, -0.8915848841239999], [-0.7809764543539999, -0.47706963250799994, -0.4030894604519999], [-0.585442868388, 0.784003422556, 0.20638810750200004]], "segmentation_id": 42130, "occlusion_rate": 0.2968525782072132, "t": [0.160558, 0.0214084, 0.153958]}, {"R": [[0.3507448789723219, 0.39163295316219204, -0.8506472558522721], [0.39011545295780803, -0.886888427289678, -0.24746301727736], [-0.8513442648277282, -0.24505436448664, -0.4638538511296781]], "segmentation_id": 41193, "occlusion_rate": 0.5547370384185006, "t": [0.185245, -0.205637, 0.136527]}, {"R": [[0.32840075533724, -0.565988676016, 0.7561805174071999], [0.443993393152, 0.7991212260367601, 0.4053077168344], [-0.8336798085128, 0.2026358732056, 0.51372744929476]], "segmentation_id": 40257, "occlusion_rate": 0.759307520476545, "t": [0.0230592, -0.245315, 0.154926]}, {"R": [[-0.004888298914, -0.094768478608, -0.9954881027679999], [0.39611443787199996, -0.914250845744, 0.08508975215800002], [-0.9181889671519999, -0.393910966178, 0.04200826206399999]], "segmentation_id": 39321, "occlusion_rate": 0.7088558374647613, "t": [0.10525, 0.107936, 0.124516]}, {"R": [[-0.08782279158996009, -0.11707635174480002, -0.9892331524976], [0.1811949494792, -0.97838085746004, 0.0997057315296], [-0.9795190107504, -0.17048744962239998, 0.10713767759604009]], "segmentation_id": 38385, "occlusion_rate": 0.38691816816816815, "t": [0.242747, -0.0823703, 0.128927]}, {"R": [[-0.2437439057470001, -0.953892439314, 0.17515081945799998], [0.24995561482199996, 0.11270973999699996, 0.9616747849739999], [-0.9370756564739999, 0.27818234245800005, 0.21095849192299995]], "segmentation_id": 37449, "occlusion_rate": 1.0, "t": [-0.392132, 0.265978, 0.161649]}, {"R": [[-0.77112830186775, 0.187558008012, -0.608426690859], [-0.02086529083199999, -0.9625557484597501, -0.270279435411], [-0.636337712349, -0.19572513174900003, 0.7461674685382501]], "segmentation_id": 36512, "occlusion_rate": 0.9289792189997716, "t": [-0.153648, -0.0128636, 0.090619]}, {"R": [[-0.12215524425999996, -0.5683599450119999, 0.81366204267], [-0.812061000012, 0.52857934171, 0.24730883982000001], [-0.57064514283, -0.6305328721800001, -0.5261114601879999]], "segmentation_id": 35576, "occlusion_rate": 0.45321424862394843, "t": [-0.0332211, 0.0489579, 0.118948]}, {"R": [[-0.05331387368299989, 0.759204079918, -0.648665624866], [-0.17069473981399996, -0.646957443293, -0.743175396082], [-0.983880700922, 0.07110224031400009, 0.16408392593299992]], "segmentation_id": 34640, "occlusion_rate": 0.602191433487277, "t": [-0.236796, 0.155767, 0.124107]}, {"R": [[0.6752166157199999, -0.501226930306, -0.541161001008], [-0.7323668694900001, -0.5429600614800001, -0.41089449124], [-0.08787737564, 0.673770790992, -0.733697233794]], "segmentation_id": 33704, "occlusion_rate": 0.9011808576755749, "t": [0.292255, 0.0766833, 0.0939383]}, {"R": [[0.10528594918816014, 0.6753619533691999, 0.729933815264], [-0.5864951766908, -0.55059608619616, 0.5940283085888], [0.80308190768, -0.4906449384512, 0.3381261121981599]], "segmentation_id": 32768, "occlusion_rate": 0.6314397649363369, "t": [0.0794564, -0.118884, 0.136989]}, {"R": [[-0.19905022291999994, -0.919395405264, 0.3392490309600001], [0.04465720056, 0.3373069581600001, 0.940334279864], [-0.9789706587360001, 0.20232378067999995, -0.02608341575999998]], "segmentation_id": 31831, "occlusion_rate": 0.8165162212887658, "t": [-0.197289, -0.160409, 0.134878]}, {"R": [[0.926682547284, -0.375231307482, -0.021470284036000042], [0.14024360565800004, 0.2922201532439999, 0.946012242924], [-0.348699352284, -0.879664082804, 0.3234190993019999]], "segmentation_id": 30895, "occlusion_rate": 0.9996620860554178, "t": [0.393642, -0.240603, 0.0879109]}, {"R": [[-0.66511210577609, -0.2704482108456, -0.696049352817], [-0.3588691056144, 0.9331812441919101, -0.019666725208199995], [0.6548586880709999, 0.23670990747179999, -0.71772527328991]], "segmentation_id": 29959, "occlusion_rate": 0.96181274442144, "t": [-0.24541, -0.286707, 0.133078]}, {"R": [[0.0016614609590000495, -0.13107475999000007, -0.9913706883700001], [-0.9657852432100001, -0.257309510191, 0.03240177280999995], [-0.2593362652300001, 0.95739773249, -0.127017629791]], "segmentation_id": 29023, "occlusion_rate": 0.9496834388537154, "t": [0.103281, -0.286137, 0.0623821]}, {"R": [[-0.11356286631800006, 0.55909501174, -0.8212894517800001], [-0.03299388277999998, -0.8283034115000001, -0.5593075920820001], [-0.9929828797400001, -0.03641904321799999, 0.11251121810000009]], "segmentation_id": 28086, "occlusion_rate": 0.9076290870108987, "t": [-0.0899679, 0.23202, 0.137036]}, {"R": [[0.96215730816996, -0.12986576357040003, -0.23955860833519999], [-0.2723578636856, -0.48618736016004005, -0.8303271487488], [-0.00863929764720002, 0.8641509493791999, -0.50315865118596]], "segmentation_id": 27150, "occlusion_rate": 1.0, "t": [0.393322, 0.0709352, 0.081202]}, {"R": [[-0.637168054283, 0.10689112883799995, -0.763276577494], [0.762185393554, 0.2344027529230001, -0.603430817782], [0.11441273105800004, -0.9662451099860001, -0.23082480580299997]], "segmentation_id": 26214, "occlusion_rate": 0.9905508429077633, "t": [0.357187, -0.130692, 0.0756326]}, {"R": [[0.5257999975829999, -0.482265179928, 0.7006814038039999], [-0.830761498904, -0.11425132779299987, 0.5447767771319999], [-0.182673110628, -0.8685428608839999, -0.46072074440699995]], "segmentation_id": 25278, "occlusion_rate": 1.0, "t": [-0.392428, 0.133826, 0.11585]}, {"R": [[-0.23230135630099996, 0.075571814184, -0.9697033720079999], [0.697193332536, -0.682230650213, -0.220187297316], [-0.6782014345679999, -0.727220660964, 0.10579495894899998]], "segmentation_id": 24342, "occlusion_rate": 0.9650887573964497, "t": [0.239273, 0.151722, 0.0612636]}, {"R": [[-0.71142855723744, -0.26327763917759994, -0.6515793501652], [-0.07866522347039998, -0.89151207542344, 0.4461158581536], [-0.6983427149108, 0.3686359464144, 0.6135359390025601]], "segmentation_id": 23405, "occlusion_rate": 0.9973947025618758, "t": [-0.244814, -0.0648441, 0.0643142]}, {"R": [[-0.52189974132556, 0.8471956150376001, -0.09941092041520003], [-0.8113861765304, -0.52901102085044, -0.2486002686776], [-0.2632022298008, -0.04908371330959997, 0.96349242682444]], "segmentation_id": 22469, "occlusion_rate": 0.38548254055540276, "t": [-0.0283679, -0.0404506, 0.0806675]}, {"R": [[0.725095388435, -0.257777451318, 0.6385818724739999], [-0.50636011173, -0.828046859251, 0.240701434818], [0.46672846442999993, -0.49788405182999995, -0.730941417635]], "segmentation_id": 21533, "occlusion_rate": 0.9337047353760446, "t": [0.132966, 0.224701, 0.0699934]}, {"R": [[-0.6567479429, -0.7083506847800001, 0.25869203274999997], [0.15199793107600001, -0.46034343803, -0.874631733332], [0.738633122318, -0.5350919055400001, 0.40999741972400006]], "segmentation_id": 20597, "occlusion_rate": 0.8423846919588541, "t": [0.0724254, -0.000768699, 0.0496538]}, {"R": [[-0.5579798457049999, 0.7721214506399999, 0.30411469568400007], [0.2934898131839999, -0.15917462746500005, 0.9426165489799999], [0.77622226986, 0.615215973716, -0.1377936295349999]], "segmentation_id": 19661, "occlusion_rate": 0.9192994124819864, "t": [0.182189, 0.0114639, 0.0495702]}, {"R": [[-0.11273960936699992, 0.8666197987420001, -0.48606803856599995], [-0.034660735494000006, 0.485459065047, 0.8735733299420001], [0.9930209701220001, 0.11533366290599995, -0.02469275816699998]], "segmentation_id": 18724, "occlusion_rate": 0.9978800726832223, "t": [0.187668, -0.150813, 0.0481514]}, {"R": [[-0.24950347420395957, 0.351700308003, 0.90224937802088], [-0.339076253277, 0.8410029532359595, -0.4215926440776], [-0.90706909397912, -0.4111203673224, -0.0905799798460404]], "segmentation_id": 17788, "occlusion_rate": 0.9651341838979323, "t": [-0.127398, 0.275031, 0.0523004]}, {"R": [[0.04174055608656001, -0.3948348687476, -0.9178033863816], [-0.36747276750839997, 0.8481500203665598, -0.38158250974959995], [0.9290970857623999, 0.3531952335863999, -0.10968881371655996]], "segmentation_id": 16852, "occlusion_rate": 0.8882801589859276, "t": [0.018742, 0.150213, 0.0480062]}, {"R": [[-0.43676070908500003, -0.8940476585100001, 0.09959013701400005], [0.24893313648599996, -0.013733987634999889, 0.9684229443900001], [-0.8644487865900001, 0.447760527486, 0.22855663076499996]], "segmentation_id": 15916, "occlusion_rate": 1.0, "t": [-0.370631, 0.23836, 0.0478922]}, {"R": [[-0.08868447170699997, -0.10715245304399995, -0.9902797235240001], [-0.5669793980760001, 0.8228433037810001, -0.03825930106800002], [0.818944406644, 0.558075052092, -0.13372662261899995]], "segmentation_id": 14979, "occlusion_rate": 0.9638448935008193, "t": [0.276014, -0.27152, 0.0494642]}, {"R": [[0.1975308337120001, 0.917910382164, -0.34412566689600005], [-0.7640336768160001, 0.3640976281760002, 0.5326216597319999], [0.6141941753160001, 0.15771436852799997, 0.7732348075040001]], "segmentation_id": 14043, "occlusion_rate": 1.0, "t": [-0.384365, -0.27583, 0.104028]}, {"R": [[0.21192159492900003, -0.472830791588, -0.855289141212], [0.727902174588, 0.660336779751, -0.184697039728], [0.6521095742119999, -0.583425757728, 0.48411437015100006]], "segmentation_id": 13107, "occlusion_rate": 0.9998892702912191, "t": [-0.367203, -0.0887327, 0.051993]}, {"R": [[0.18691236862800004, -0.980949005804, 0.052953704898000054], [-0.05133110661200008, 0.044077701378000045, 0.997709153076], [-0.9810352513260001, -0.18920223214800003, -0.04211450346800005]], "segmentation_id": 12171, "occlusion_rate": 0.9682505859791178, "t": [-0.114164, -0.136335, 0.0511622]}, {"R": [[-0.90702382924919, -0.2212532504238, -0.35826652179720003], [0.019816525528199985, 0.82745725203519, -0.5611790531193999], [0.4206128942148, -0.5161023382245999, -0.7461389267348101]], "segmentation_id": 11235, "occlusion_rate": 0.9363810741687979, "t": [0.274158, 0.277263, 0.0694294]}, {"R": [[-0.33077046970000007, 0.9382517725, 0.10136779723000006], [0.132310807972, -0.06024648484599998, 0.98937613358], [0.9343905334540001, 0.340668306428, -0.10421304394000003]], "segmentation_id": 10298, "occlusion_rate": 0.8576594345825115, "t": [-0.200362, -0.234034, 0.0480913]}, {"R": [[0.22989321737000012, 0.763721988228, -0.6032226741], [-0.43668175177199986, -0.47297759862, -0.76524571225], [-0.8697458925000001, 0.43934118535, 0.22476914062799988]], "segmentation_id": 9362, "occlusion_rate": 0.8981025264702799, "t": [-0.237068, 0.0788997, 0.0478785]}, {"R": [[0.300775293061, 0.095999809888, 0.9488509894960001], [0.403265644672, 0.8887967690590001, -0.217754595404], [-0.8642401191760002, 0.448134221516, 0.22861469024300005]], "segmentation_id": 8426, "occlusion_rate": 0.9331587218438974, "t": [-0.0742905, -0.272113, 0.0479187]}, {"R": [[-0.30846384379483993, -0.11307140890480002, -0.9444907803568001], [-0.3969582765352, -0.88701971196284, 0.23583485301999998], [-0.8644490178032, 0.447670423076, 0.22872911607715996]], "segmentation_id": 7490, "occlusion_rate": 0.9571684776875198, "t": [0.0294372, 0.272007, 0.0479125]}, {"R": [[0.19834088913499995, 0.73704824757, 0.6460816515900001], [0.06002717949000003, 0.648805549343, -0.758583433074], [-0.97829359473, 0.18924050297399997, 0.08444171134299991]], "segmentation_id": 6554, "occlusion_rate": 1.0, "t": [-0.336427, -0.206059, 0.048002]}, {"R": [[0.14710317860775002, 0.720160133553, 0.678034328993], [-0.664695796247, -0.4356638787097501, 0.606940687092], [0.7324893635430001, -0.539969333608, 0.41459976539775]], "segmentation_id": 5617, "occlusion_rate": 0.8459429824561404, "t": [0.293413, -0.0438174, 0.049658]}, {"R": [[0.009020888160249985, 0.272997129278, 0.961972144717], [0.375700221998, -0.8924548274397499, 0.249745751513], [0.926696920787, 0.359160360583, -0.11061586060974998]], "segmentation_id": 4681, "occlusion_rate": 0.999895419368333, "t": [0.0301844, -0.175489, 0.0479869]}, {"R": [[0.43542096752500004, 0.8946817689000001, -0.09975961222799995], [-0.24859013933999996, 0.012990174747000094, -0.9685210709000001], [-0.8652227403720001, 0.44651389065999997, 0.22806538927500003]], "segmentation_id": 3745, "occlusion_rate": 0.982421489235631, "t": [0.370602, 0.232544, 0.0479111]}, {"R": [[-0.402287495811, 0.914479243902, 0.043521606601999996], [0.06867365156199995, 0.07754586417899995, -0.994621644438], [-0.9129350181420001, -0.39713473592200005, -0.09399628305899993]], "segmentation_id": 2809, "occlusion_rate": 0.958310948748254, "t": [-0.256919, 0.252245, 0.0519743]}, {"R": [[-0.6340212032560001, -0.7658084327219999, 0.107492220024], [0.262298032482, -0.343725184824, -0.901694382064], [0.7274729377439999, -0.5434983540560001, 0.418799096418]], "segmentation_id": 1872, "occlusion_rate": 1.0, "t": [-0.369972, 0.0452233, 0.0496718]}, {"R": [[-0.3889595497839999, 0.745379010792, -0.5414059381560001], [-0.12691298158800007, 0.538725988056, 0.832866853624], [0.9124710158160001, 0.392662999316, -0.11494435711199996]], "segmentation_id": 936, "occlusion_rate": 0.9130198718644804, "t": [-0.117366, 0.139201, 0.048327]}]