[{"R": [[-0.32625758996863996, 0.5557804706496, 0.7646314504079998], [0.5053689703104, -0.5810340194006399, 0.6379646335552], [0.7988462870639998, 0.5945626445247999, -0.09130757307264009]], "segmentation_id": 65535, "occlusion_rate": 0.10469073690440955, "t": [0.149709, -0.197246, 0.287137]}, {"R": [[0.6986276154753599, -0.1740203727512, 0.6939985069332], [-0.3238985166728, 0.7879639468653599, 0.5236412246951999], [-0.6379708211627999, -0.5906160268488, 0.4941290348046399]], "segmentation_id": 64684, "occlusion_rate": 0.2065879664889566, "t": [-0.207552, -0.204773, 0.221172]}, {"R": [[0.72500112288864, 0.2986977632584001, 0.6206066815055999], [-0.5484161906896001, -0.29475604455263993, 0.7825331884872], [0.41666855976239997, -0.9076883581488, -0.04988778288735993]], "segmentation_id": 63833, "occlusion_rate": 0.9916718903913316, "t": [0.391119, 0.288691, 0.21846]}, {"R": [[0.400871561429, -0.772931523408, 0.49181217820800005], [-0.08155271467199998, 0.5045960017410002, 0.8594954316519999], [-0.912497404512, -0.384655823332, 0.1392434975490001]], "segmentation_id": 62982, "occlusion_rate": 0.08083297917552057, "t": [-0.0950245, 0.0821084, 0.236612]}, {"R": [[-0.86690257756044, 0.43616690737119995, 0.24132659483039998], [-0.17640458226079997, 0.18436215558444002, -0.9668982337272], [-0.46622046267359996, -0.8807776109447999, -0.08288217951956006]], "segmentation_id": 62131, "occlusion_rate": 0.33321678321678316, "t": [0.00614393, -0.213243, 0.241363]}, {"R": [[-0.4209015006579999, -0.891867529532, 0.16557204095599987], [-0.016990436764000028, -0.17474448666799988, -0.984467141998], [0.906947140708, -0.41717686702599993, 0.05839700177199997]], "segmentation_id": 61279, "occlusion_rate": 1.0, "t": [0.414186, -0.0496492, 0.220812]}, {"R": [[0.8498384536689999, 0.13578644603999998, 0.50925168522], [-0.45204910235999995, -0.308987398419, 0.83676701168], [0.27097388598000005, -0.94132325152, -0.20120716793100002]], "segmentation_id": 60428, "occlusion_rate": 0.12342591765651512, "t": [0.173007, 0.145967, 0.259212]}, {"R": [[0.78481704820791, -0.3200823922934, -0.5306708083164], [0.5518506051466, -0.028698736385910015, 0.833450260029], [-0.28200204654360006, -0.9469560119070001, 0.15411424681591002]], "segmentation_id": 59577, "occlusion_rate": 0.49407996894409933, "t": [0.317608, 0.109577, 0.177336]}, {"R": [[-0.7020641095110001, 0.546977779224, -0.455985807488], [0.22465526018400006, -0.4375045242169999, -0.870701766864], [-0.675749777408, -0.7137274422240001, 0.18427462659899996]], "segmentation_id": 58726, "occlusion_rate": 0.11785849413545213, "t": [-0.193412, 0.119639, 0.199069]}, {"R": [[0.051883239463000164, 0.9221644447840001, 0.38330314392799997], [-0.37526844500799994, -0.33768722640699994, 0.863215711864], [0.9254632124240001, -0.1886279613520001, 0.3285388387269999]], "segmentation_id": 57875, "occlusion_rate": 0.11610183233338733, "t": [0.0735013, -0.104066, 0.231682]}, {"R": [[0.5772224773029999, 0.8136331157300001, 0.06940019044599999], [-0.6758800460300001, 0.523726095575, -0.51855391421], [-0.45825909355399996, 0.25241464211, 0.852224426647]], "segmentation_id": 57024, "occlusion_rate": 0.9261352169525732, "t": [-0.174019, -0.294129, 0.187408]}, {"R": [[-0.654655515558, 0.529084576584, -0.5399057372319999], [0.040415175727999963, -0.6887100493919999, -0.7239113341859998], [-0.7548478706639999, -0.4957323037819999, 0.4294842412319999]], "segmentation_id": 56173, "occlusion_rate": 0.12945075757575752, "t": [0.0800511, 0.137307, 0.21735]}, {"R": [[-0.09708374897846496, -0.96108592483122, -0.25862555432330003], [-0.96749947030878, 0.15209380362953517, -0.20201692113078], [0.23349112876070002, 0.23060768972922, -0.9446166274215351]], "segmentation_id": 55322, "occlusion_rate": 0.42497459636445745, "t": [-0.206963, 0.243562, 0.204157]}, {"R": [[-0.11750853303900001, -0.861494905302, -0.49398061180600006], [-0.07956409189800001, 0.503995068719, -0.8600331958859999], [0.989878715794, -0.061758164514000014, -0.127767872223]], "segmentation_id": 54471, "occlusion_rate": 0.8685193834656703, "t": [-0.286494, -0.0848785, 0.21554]}, {"R": [[-0.8334541659524096, 0.36143369227839994, -0.41799651996416], [0.35227115445759993, -0.23527743635240972, -0.90584259838016], [-0.42574691819584, -0.90222583945984, 0.06877025241559054]], "segmentation_id": 53620, "occlusion_rate": 0.2552552552552553, "t": [-0.0127414, 0.240705, 0.171848]}, {"R": [[0.45887885719599, -0.7505835898882001, -0.4754520081744], [-0.5573035556238, 0.17361287382998997, -0.8119553312822], [0.6919848873896, 0.6375601835898, -0.33863560207599]], "segmentation_id": 52768, "occlusion_rate": 0.12681699590011186, "t": [0.171621, 0.00290437, 0.239786]}, {"R": [[0.79536915656964, 0.1446569228124, -0.5886095777348], [0.3521771737116, 0.6800702065696401, 0.6430199903532], [0.4933133878532, -0.7187335002348, 0.4899622562463601]], "segmentation_id": 51917, "occlusion_rate": 1.0, "t": [-0.317273, 0.277494, 0.165155]}, {"R": [[0.8083391207859999, 0.571488592288, -0.141375698648], [-0.15701117096800005, -0.022167773895999963, -0.9873472112019999], [-0.567392096768, 0.820309583122, 0.07181107045600008]], "segmentation_id": 51066, "occlusion_rate": 1.0, "t": [-0.4073, -0.126114, 0.17084]}, {"R": [[-0.7041134947579999, 0.6936494149679999, 0.151908275544], [0.255281756664, 0.44689953376799996, -0.857387590298], [-0.662613658008, -0.5649183519740001, -0.49174367752799997]], "segmentation_id": 50215, "occlusion_rate": 1.0, "t": [-0.398472, 0.219026, 0.147997]}, {"R": [[-0.3212460910772399, -0.3275947507264, -0.8885284773864], [-0.47326267487359996, 0.8682285415707599, -0.14900290948800002], [0.8202582620135999, 0.37264071940800003, -0.4339533439207599]], "segmentation_id": 49364, "occlusion_rate": 0.5601225427623181, "t": [0.198084, 0.233577, 0.184743]}, {"R": [[-0.78594296266675, 0.572098017635, 0.234517776161], [0.427086679505, 0.22805056362124992, 0.8749805588149999], [0.44709249301099996, 0.787843809605, -0.42356995177075]], "segmentation_id": 48513, "occlusion_rate": 0.5937995021498077, "t": [0.0841395, 0.260763, 0.147709]}, {"R": [[0.4215979432839999, -0.6822444448259999, -0.5973254104679999], [0.905406227226, 0.3530037282519999, 0.23585564612399992], [0.049946893668000036, -0.640258416276, 0.766534032166]], "segmentation_id": 47662, "occlusion_rate": 0.9625915492957746, "t": [0.284326, 0.303288, 0.165954]}, {"R": [[0.22307063640400007, 0.222966195702, -0.948960359244], [-0.778153897878, 0.6270649062040001, -0.03558526791600003], [0.587125369116, 0.746375157444, 0.31338175115800004]], "segmentation_id": 46811, "occlusion_rate": 0.890056508377119, "t": [-0.292958, -0.0127137, 0.142736]}, {"R": [[0.21337895732399997, -0.7072321853179999, 0.67401227802], [-0.013935773049999989, -0.6920341838999999, -0.7217305430999998], [0.9768703645319998, 0.144609192876, -0.15752132088999998]], "segmentation_id": 45960, "occlusion_rate": 0.9671606225333234, "t": [0.223281, -0.308809, 0.262361]}, {"R": [[-0.067740681047, 0.7803410889019999, -0.6216740744059999], [0.311611757834, 0.6084818504229998, 0.7298271163579999], [0.947791634378, -0.14428198904600004, -0.28438248034300007]], "segmentation_id": 45109, "occlusion_rate": 0.3425368011593318, "t": [0.233906, -0.149201, 0.203981]}, {"R": [[-0.7824972044159999, -0.5913678496979999, -0.194894206064], [0.08273273391800001, 0.21148322553599996, -0.9738745813439998], [0.6171344909759999, -0.7781776608159999, -0.11655946288199992]], "segmentation_id": 44257, "occlusion_rate": 0.8353349875930521, "t": [-0.271731, -0.151745, 0.130487]}, {"R": [[-0.8970969401479999, 0.35916842645999997, -0.25732592799], [-0.028448326859999984, -0.6281481582299999, -0.7775744953479999], [-0.44091868239, -0.690238686652, 0.5737270978199999]], "segmentation_id": 43406, "occlusion_rate": 0.9979654120040692, "t": [0.142666, -0.28767, 0.202787]}, {"R": [[-0.30127351811199987, 0.9314029206579999, 0.204262496896], [0.23912848113399993, 0.28116954723199994, -0.929387731888], [-0.923066702768, -0.23115489625599994, -0.30743385815799995]], "segmentation_id": 42555, "occlusion_rate": 0.516532618409294, "t": [-0.0647926, -0.230615, 0.170445]}, {"R": [[0.42252495808, -0.767536922096, -0.48203780662000006], [-0.40922032693999993, 0.31299543592, -0.857072514496], [0.808710144496, 0.5593939973800001, -0.1818432618399999]], "segmentation_id": 41704, "occlusion_rate": 0.8865430149960537, "t": [-0.267428, 0.123249, 0.130431]}, {"R": [[0.13398950366899998, 0.051608899342000025, 0.9896369242820001], [0.870461603818, 0.4711787587310002, -0.14242570374199998], [-0.4736468269420001, 0.880525414918, 0.01820946178100001]], "segmentation_id": 40853, "occlusion_rate": 0.9685167464114832, "t": [0.331487, -0.313754, 0.197939]}, {"R": [[-0.29574023925199994, 0.10928466518000005, 0.948997085614], [0.48191689654000003, 0.87482156357, 0.04943917882000001], [-0.824799800786, 0.47195867354, -0.311385925748]], "segmentation_id": 40002, "occlusion_rate": 0.8427893542397359, "t": [0.18087, 0.108958, 0.137631]}, {"R": [[0.9322561352315901, 0.3486222941638, 0.09674937496399999], [0.16663975851620003, -0.17638917063041004, -0.9701121061954001], [-0.321137254808, 0.9205155097646001, -0.22253428292759003]], "segmentation_id": 39151, "occlusion_rate": 0.3006999712340589, "t": [0.26127, -0.0180221, 0.167247]}, {"R": [[0.533523882769, 0.453529384322, 0.7139072089940001], [0.363586620418, 0.6391209882410002, -0.6777383498260001], [-0.7636472843860002, 0.6211566621460001, 0.1760890828630001]], "segmentation_id": 38300, "occlusion_rate": 0.8706182843050907, "t": [0.306751, -0.204571, 0.143105]}, {"R": [[-0.34668963223859, 0.08505277400740002, -0.9341146499054], [0.19581730922860002, -0.9673730309585902, -0.16075713053060003], [-0.9173111440186001, -0.23864890371340003, 0.31872373688141004]], "segmentation_id": 37449, "occlusion_rate": 0.14919884423430518, "t": [0.0231238, -0.0104523, 0.20474]}, {"R": [[-0.6258357831770002, 0.597708493016, -0.501073691716], [-0.08469152789599999, -0.6907180900390001, -0.718148020852], [-0.7753435575640001, -0.40700588709200003, 0.4828967697910001]], "segmentation_id": 36597, "occlusion_rate": 0.1585248117397181, "t": [-0.102684, -0.0636939, 0.177667]}, {"R": [[-0.390839427056, 0.790604524612, -0.47136925859199996], [0.644951066032, 0.600591262624, 0.47257613958800004], [0.656721108772, -0.11930872116799998, -0.744635994544]], "segmentation_id": 35746, "occlusion_rate": 0.8061007330338141, "t": [-0.110518, 0.13378, 0.120118]}, {"R": [[-0.538854586227, 0.12647029471000001, -0.83285115231], [-0.60140390771, -0.750047891805, 0.27521181340199996], [-0.58987211931, 0.649179071598, 0.48022646564499993]], "segmentation_id": 34895, "occlusion_rate": 0.8155310006138735, "t": [-0.100818, 0.29645, 0.146994]}, {"R": [[-0.8546748826523776, -0.23980375714959998, -0.46046342732939993], [-0.26702393492239995, -0.5575769348063775, 0.7860074712357], [-0.4452309827826, 0.7947349776603, 0.4125133357136225]], "segmentation_id": 34044, "occlusion_rate": 0.8485120718697361, "t": [0.133592, -0.16616, 0.143963]}, {"R": [[0.22972074471136017, -0.6925372627056, -0.683828085276], [0.8123534947944001, 0.52339907448864, -0.25716830932], [0.536013535224, -0.49643315722000003, 0.6828205778006401]], "segmentation_id": 33193, "occlusion_rate": 0.9855793642733828, "t": [0.0553132, -0.303421, 0.140011]}, {"R": [[-0.04395386263400003, -0.13015544546799995, 0.990520307356], [-0.973792004108, -0.215889653284, -0.07157968741400006], [0.22315925256400004, -0.9677055745060001, -0.11725498017199998]], "segmentation_id": 32342, "occlusion_rate": 0.9633243606998654, "t": [0.239272, -0.290876, 0.0948907]}, {"R": [[0.092253417808, -0.629849517444, 0.771220395456], [0.881543328624, 0.411805135616, 0.230867702652], [-0.46300396623599993, 0.658565199312, 0.593229476336]], "segmentation_id": 31491, "occlusion_rate": 0.9478455740042783, "t": [0.354724, -0.0197992, 0.11432]}, {"R": [[0.817123680948, 0.14104052461799996, -0.558940986164], [-0.4497299414939999, -0.450599905532, -0.771168769092], [-0.36062506197199995, 0.881513392476, -0.30476592514200007]], "segmentation_id": 30640, "occlusion_rate": 0.9802727990080036, "t": [0.121593, 0.20752, 0.0696673]}, {"R": [[-0.43622258089699995, -0.7200639574600001, -0.539647459304], [-0.12383377570000004, -0.545971214375, 0.8286025901], [-0.891278115496, 0.42828139521999997, 0.1489966127029999]], "segmentation_id": 29789, "occlusion_rate": 0.638009861048857, "t": [0.0138233, 0.0817809, 0.152138]}, {"R": [[-0.5597839373110001, -0.7921681850060001, 0.24312837923800004], [0.383093966446, 0.012760762847000007, 0.923621174726], [-0.734765850458, 0.610169343866, 0.296331597041]], "segmentation_id": 28938, "occlusion_rate": 1.0, "t": [0.392947, 0.182263, 0.138213]}, {"R": [[0.9456971835569998, -0.29934624962399997, -0.12668781063200002], [0.05755057312799998, 0.537786721507, -0.841115042796], [0.319915473304, 0.7881487210679999, 0.5258106360029999]], "segmentation_id": 28086, "occlusion_rate": 1.0, "t": [0.396789, -0.119392, 0.103016]}, {"R": [[0.6008529981690001, 0.732211821492, -0.32068871514400005], [-0.517803570292, 0.6621554794410001, 0.541691159796], [0.608978543256, -0.15942301739599998, 0.777000105753]], "segmentation_id": 27235, "occlusion_rate": 0.4843585975225698, "t": [-0.157767, 0.000395697, 0.119004]}, {"R": [[-0.10554007400999989, -0.06075152658000005, 0.992557799236], [0.676575760364, 0.7271080740599999, 0.11644539128999998], [-0.72877086474, 0.683830052486, -0.035636021819999905]], "segmentation_id": 26384, "occlusion_rate": 0.9817946677278153, "t": [0.139002, -0.0183555, 0.123534]}, {"R": [[0.7652849268200002, -0.37337874359, 0.52433508778], [-0.20327090647, -0.9130745677880001, -0.353519111084], [0.61075355834, 0.16396077931599998, -0.7746592434620001]], "segmentation_id": 25533, "occlusion_rate": 0.7154547580079496, "t": [-0.13611, -0.18774, 0.115002]}, {"R": [[0.36618373967999995, 0.896036106432, 0.25105582487600014], [-0.36812579534, -0.10829396337600009, 0.9234479296320001], [0.85463040552, -0.43057168498, 0.29019847776]], "segmentation_id": 24682, "occlusion_rate": 0.912379335949931, "t": [0.113072, 0.0400059, 0.0489012]}, {"R": [[0.838908445815, 0.503826183546, -0.205888834822], [-0.09216737456999999, 0.504324867145, 0.85858023471], [0.5364104870299999, -0.701294532378, 0.46951909892099997]], "segmentation_id": 23831, "occlusion_rate": 1.0, "t": [-0.402482, 0.0603009, 0.132253]}, {"R": [[-0.13901542876500006, 0.7284499290979999, 0.6708458882699999], [-0.9398399375979999, -0.310511183565, 0.14241661076999995], [0.31204870886999997, -0.61069001967, 0.7277926199229999]], "segmentation_id": 22980, "occlusion_rate": 0.997094558901215, "t": [0.181751, -0.104023, 0.0620837]}, {"R": [[0.4938324216250001, -0.6065523312500001, -0.62307693085], [0.21382723835, 0.7792490296250001, -0.58910942525], [0.84285734525, 0.15769043165000002, 0.5145155743750001]], "segmentation_id": 22129, "occlusion_rate": 0.6924053104256149, "t": [0.00487337, -0.0619491, 0.110313]}, {"R": [[0.3154411904069999, -0.883173876276, -0.347132341052], [-0.22929819605199997, 0.2840300755530001, -0.930993746496], [0.920825333724, 0.373270576112, -0.11291538569699998]], "segmentation_id": 21278, "occlusion_rate": 0.8985883681535856, "t": [0.306768, -0.165792, 0.0481366]}, {"R": [[-0.9592418015751899, -0.2724076434692, -0.07515753122640001], [0.10799234027479998, -0.10760251346480998, -0.9883110675023999], [0.2611364263416, -0.9561460074095999, 0.13263480675119]], "segmentation_id": 20426, "occlusion_rate": 1.0, "t": [-0.390816, -0.261502, 0.107117]}, {"R": [[-0.5217796020450001, -0.838762914704, -0.15564176887199999], [0.30544242312000003, -0.35403674263500007, 0.88394821762], [-0.79652527484, 0.413686231572, 0.440922588171]], "segmentation_id": 19575, "occlusion_rate": 0.9834735576923077, "t": [-0.234694, 0.240922, 0.0577165]}, {"R": [[-0.299323254148, 0.52674076054, -0.7955804711860001], [-0.22630960413999998, 0.7708234089100001, 0.5954945514200001], [0.9269239871860001, 0.35829313262, -0.111518960348]], "segmentation_id": 18724, "occlusion_rate": 0.8657303370786517, "t": [-0.22612, -0.121133, 0.0480153]}, {"R": [[-0.05565837294399986, -0.15755422624800003, -0.985939601658], [-0.952716974448, -0.28704979071400005, 0.09965375584799985], [-0.29871491245799997, 0.944868864048, -0.13412798974400003]], "segmentation_id": 17873, "occlusion_rate": 0.9516072472238457, "t": [0.249671, 0.287458, 0.0624408]}, {"R": [[0.09312775958199998, 0.9038856153879999, 0.417514382236], [-0.18745244736399996, -0.395920632268, 0.898948651262], [0.977849193412, -0.16198114681399994, 0.13256435306800002]], "segmentation_id": 17022, "occlusion_rate": 1.0, "t": [-0.345599, 0.130497, 0.0504865]}, {"R": [[0.3272083214939999, -0.643818424152, 0.691689206728], [0.17485215248800007, -0.6780914846159999, -0.713876789718], [0.9286349372880001, 0.35452952324199993, -0.10930406229599987]], "segmentation_id": 16171, "occlusion_rate": 1.0, "t": [-0.00873669, -0.26797, 0.0479904]}, {"R": [[-0.306293747866, 0.03208697934799998, 0.9513958480520001], [-0.418720082308, -0.9020964476440001, -0.10437904835800005], [0.854901822788, -0.430339306618, 0.289742037836]], "segmentation_id": 15320, "occlusion_rate": 0.9032360406091371, "t": [-0.0644191, 0.0284103, 0.048932]}, {"R": [[-0.6750186405840001, 0.43947353845799997, -0.592630343152], [0.6981386675579999, 0.6402732685360001, -0.32039104579200006], [0.23864223324800005, -0.630008754192, -0.7390106453340001]], "segmentation_id": 14469, "occlusion_rate": 0.9995645073489385, "t": [0.386699, -0.273194, 0.065107]}, {"R": [[-0.3400316578139999, -0.913371934388, 0.22389787750800005], [0.266147088588, 0.134885394564, 0.9544483935579999], [-0.901966893692, 0.38413242274199993, 0.19722596907600004]], "segmentation_id": 13618, "occlusion_rate": 0.9119101586647435, "t": [0.247594, 0.0153908, 0.0475076]}, {"R": [[0.4052669167030001, -0.87034156067, -0.279757768054], [-0.10531073723, -0.34842208590500007, 0.9314031422900001], [-0.908112597446, -0.34800536291000006, -0.23286024249700008]], "segmentation_id": 12767, "occlusion_rate": 0.9807486631016042, "t": [-0.291336, -0.256202, 0.0570354]}, {"R": [[-0.40284595318000005, -0.89058627212, 0.21111657759199998], [0.30295582036, 0.08791127670799992, 0.94894065028], [-0.8636734847919999, 0.4462361244400001, 0.23439371222000005]], "segmentation_id": 11915, "occlusion_rate": 0.9580585325638912, "t": [0.372103, 0.0542366, 0.0480201]}, {"R": [[-0.00011477503423995561, 0.3876397113204, -0.9218116836768], [-0.2558497156235999, -0.8911420576057599, -0.3747106821408], [-0.9667172538911999, 0.2358020918112, 0.09927972429175991]], "segmentation_id": 11064, "occlusion_rate": 0.9790697674418605, "t": [-0.324552, 0.00216481, 0.0473592]}, {"R": [[0.5864853340499999, -0.7258012057800001, 0.359509800596], [0.11008743300399998, -0.36831150713999994, -0.9231614836500001], [0.80244342114, 0.5809982594540001, -0.13610772378]], "segmentation_id": 10213, "occlusion_rate": 0.9959197948239683, "t": [0.00307553, 0.13339, 0.0494756]}, {"R": [[-0.4529429984600001, 0.278866481848, -0.8468039185359999], [-0.5794649937199999, 0.629750719036, 0.517334615048], [0.6775424062, 0.72501604684, -0.12364776838000005]], "segmentation_id": 9362, "occlusion_rate": 0.9420946026450614, "t": [-0.0911652, -0.107011, 0.0509322]}, {"R": [[0.2051561901857101, 0.045109156797600025, 0.9776888772458], [0.3323160897624, 0.93638184272771, -0.11293582329600003], [-0.9205848104341999, 0.348071325552, 0.17711408248629]], "segmentation_id": 8511, "occlusion_rate": 0.9778173895820954, "t": [0.233014, 0.164229, 0.0472634]}, {"R": [[-0.342936282577, -0.9377344674979999, -0.05522440160600006], [0.13333025018600003, -0.10678557734300004, 0.985302412882], [-0.929848756762, 0.33053270475399993, 0.16164894249700004]], "segmentation_id": 7660, "occlusion_rate": 0.7848139558334174, "t": [-0.109192, 0.234631, 0.0472137]}, {"R": [[0.29012134393900013, 0.9534431378920001, -0.08230561089199989], [0.6511306537479999, -0.1336375804190001, 0.747106614772], [0.7013251047319999, -0.2703434942680001, -0.659587687549]], "segmentation_id": 6809, "occlusion_rate": 0.9432088101921832, "t": [0.0386231, -0.169282, 0.0723683]}, {"R": [[0.489484958145, 0.85354517467, 0.17851365337800001], [-0.11531170028999999, 0.266273741553, -0.9569762380700001], [-0.864355078322, 0.44784030999, 0.22876050625500005]], "segmentation_id": 5958, "occlusion_rate": 0.9949270767279645, "t": [-0.202388, 0.0856714, 0.047903]}, {"R": [[0.16823598825900007, -0.545394079132, -0.8211226581359999], [-0.44209573762800003, 0.7027761296609999, -0.557366611264], [0.881049646744, 0.45678384278399997, -0.12288413219699997]], "segmentation_id": 5107, "occlusion_rate": 1.0, "t": [-0.359977, 0.280681, 0.0489847]}, {"R": [[0.178468476951, -0.43527953935200003, -0.8824287530120001], [0.6565447796080001, 0.7206618352410001, -0.22269991105200004], [0.7328695203720001, -0.539609136908, 0.41439597519900007]], "segmentation_id": 4256, "occlusion_rate": 0.9922257720979766, "t": [-0.13795, -0.284463, 0.0496845]}, {"R": [[0.6176026768510001, -0.768548379362, 0.16703198169400002], [-0.004984531561999905, -0.21619707650899994, -0.9763366936340001], [0.786474061094, 0.602155771766, -0.1373547907329999]], "segmentation_id": 3404, "occlusion_rate": 0.9118847811295079, "t": [0.368384, 0.23117, 0.049516]}, {"R": [[-0.09611609740925009, 0.25851042950900005, -0.9612141059539999], [-0.403709823211, -0.89281482438275, -0.19974626864199996], [-0.909823377526, 0.368853020902, 0.19017721869275017]], "segmentation_id": 2553, "occlusion_rate": 0.9628061687329906, "t": [0.150055, -0.236906, 0.0473813]}, {"R": [[0.5575819199880001, 0.8054531838160001, -0.200869801512], [-0.17924014920800002, 0.35308356133200003, 0.9182625297840001], [0.810540854856, -0.4760023879920001, 0.34124237018799997]], "segmentation_id": 1702, "occlusion_rate": 1.0, "t": [-0.383522, -0.132748, 0.04947]}, {"R": [[-0.28796379142700007, -0.06801418725399999, -0.955223902694], [-0.412167074674, -0.8915582459810001, 0.187733789438], [-0.8644055393740001, 0.447771977098, 0.2287030807490001]], "segmentation_id": 851, "occlusion_rate": 0.9708152691128265, "t": [0.0288214, 0.272029, 0.04791]}]