[{"R": [[-0.6906304283005601, 0.6567712908824, 0.3027860956808], [0.6870637460776, 0.46514377297744014, 0.558196216438], [0.2257683704392, 0.593541134794, -0.77248682899856]], "segmentation_id": 65535, "occlusion_rate": 0.8370985603543744, "t": [-0.155915, 0.289918, 0.219272]}, {"R": [[-0.423726589812, -0.905372406354, -0.027497043315999947], [0.11302193003399996, -0.08296677780399997, 0.9901222457879999], [-0.898710923996, 0.416433456972, 0.13748220065399996]], "segmentation_id": 64661, "occlusion_rate": 0.5386879405158391, "t": [0.303163, -0.184951, 0.24024]}, {"R": [[-0.7056689243730001, 0.13526403974400003, 0.695510783008], [-0.675693878208, -0.42388508641300005, -0.6031247441640001], [0.213235533344, -0.895558660068, 0.39051956961300005]], "segmentation_id": 63787, "occlusion_rate": 0.6439767129422302, "t": [0.308959, 0.218664, 0.206389]}, {"R": [[-0.34498597030800016, -0.8739600102860001, -0.34231207995600005], [-0.586557589486, -0.08397688160399994, 0.805541468172], [-0.7327577047560001, 0.4786864977720001, -0.483657277774]], "segmentation_id": 62914, "occlusion_rate": 0.061303798698144396, "t": [-0.0964584, 0.180533, 0.238582]}, {"R": [[-0.19314566599600003, -0.9179859406280002, -0.34640763153400006], [0.31585161542800005, 0.276090119666, -0.9077519956040001], [0.9289425124340001, -0.28474153420400006, 0.23662153317200008]], "segmentation_id": 62040, "occlusion_rate": 0.6009708737864078, "t": [-0.0148205, 0.283248, 0.196215]}, {"R": [[0.06140070500099998, 0.9963438663120001, 0.05940122195600006], [-0.20183609823200005, -0.045889698711000015, 0.9783434860440001], [0.9774926058840001, -0.0720603031960001, 0.1982805331530001]], "segmentation_id": 61166, "occlusion_rate": 0.08407749356742844, "t": [0.00674705, -0.168377, 0.265388]}, {"R": [[0.9031076546548399, -0.429020765458, 0.018367375970000016], [0.282484900742, 0.62577023674316, 0.7270581168308], [-0.32341684950999994, -0.6514233701691999, 0.6863299118068399]], "segmentation_id": 60292, "occlusion_rate": 0.14993686868686873, "t": [-0.0933902, 0.012552, 0.245182]}, {"R": [[-0.12973706322644, 0.26355917977559995, -0.9558791194572], [0.4031078264244, 0.8947845382555599, 0.192001948446], [0.9059097154428, -0.360412578426, -0.22232948210155998]], "segmentation_id": 59418, "occlusion_rate": 0.7488562484950638, "t": [-0.284528, -0.0552647, 0.210212]}, {"R": [[-0.4060188163175099, 0.8449156985598, 0.348234732881], [-0.9059889800402, -0.32222812694048997, -0.27450728280959996], [-0.119724412311, -0.4269516864904, 0.89631443621151]], "segmentation_id": 58545, "occlusion_rate": 0.9712656284272867, "t": [0.313928, -0.309065, 0.185704]}, {"R": [[-0.14393737665599998, 0.639608285558, -0.755105836224], [0.987438779142, 0.14308810497600005, -0.06702240605600002], [0.06517852637600002, -0.7552672285440001, -0.6521692452419998]], "segmentation_id": 57671, "occlusion_rate": 0.9835223625080248, "t": [-0.262225, 0.310367, 0.190153]}, {"R": [[-0.23992916066500009, 0.9605893644179999, -0.14036203658999996], [-0.187574701518, 0.0959890613349999, 0.97754859825], [0.9524962780499999, 0.26087085609000005, 0.15715173314299996]], "segmentation_id": 56797, "occlusion_rate": 0.09551752241238798, "t": [-0.130757, -0.19523, 0.231664]}, {"R": [[0.13814834300355994, 0.23416313402360003, 0.9623321025043998], [0.49333864498040003, 0.8262577982035599, -0.2718739520396], [-0.8587970832595999, 0.5123144455244, -0.0013755772435600343]], "segmentation_id": 55923, "occlusion_rate": 0.20940831773419066, "t": [0.126609, -0.216263, 0.231489]}, {"R": [[0.9490577226781599, -0.3146279891472, -0.017271212865600016], [-0.1596499249968, -0.5273837650518399, 0.8344925962116], [-0.2716633353936, -0.7892244421764, -0.55074807253216]], "segmentation_id": 55049, "occlusion_rate": 0.17276319789239036, "t": [0.0473204, 0.182656, 0.187081]}, {"R": [[-0.33669377378200005, -0.7882841684999999, 0.5150213798759999], [-0.33950240814, -0.40853864258000006, -0.8472519942300001], [0.878280744924, -0.46011509055000005, -0.13007184893199997]], "segmentation_id": 54176, "occlusion_rate": 0.11089433432183549, "t": [0.195421, 0.0477768, 0.202335]}, {"R": [[-0.3105948129289999, 0.9309138569199998, -0.19216970402799993], [-0.33116009367199994, 0.08352852473500005, 0.9398696291959998], [0.8909897847399999, 0.3555577569399999, 0.28233814290500003]], "segmentation_id": 53302, "occlusion_rate": 0.10224644862900567, "t": [0.0575372, -0.0300429, 0.224174]}, {"R": [[0.9815054323132711, -0.05938061425356, -0.18199567880682], [0.043771846181640005, -0.855882914908391, 0.515315301115456], [-0.18636660091157997, -0.5137506951165439, -0.8374539458656088]], "segmentation_id": 52428, "occlusion_rate": 1.0, "t": [0.40669, 0.17345, 0.164076]}, {"R": [[-0.9934160771157501, -0.026588277478000015, -0.111437670854], [0.114531040906, -0.25439268512425006, -0.960295681382], [-0.0028163191579999997, -0.9667358576739999, 0.25576286495575007]], "segmentation_id": 51554, "occlusion_rate": 1.0, "t": [-0.40814, 0.0188633, 0.179358]}, {"R": [[-0.6064996096049999, 0.733341388312, 0.30719509079999996], [-0.37870334871200007, -0.6061720763549999, 0.69938500098], [0.6991009864800001, 0.30784089090000005, 0.645361905187]], "segmentation_id": 50680, "occlusion_rate": 0.23334835511491658, "t": [-0.179331, -0.0558891, 0.177024]}, {"R": [[-0.34554418952899996, -0.9346163936619999, -0.08420690980599999], [0.6158756538579998, -0.158162249689, -0.771803910094], [0.708022447346, -0.318553438766, 0.6302597199429998]], "segmentation_id": 49807, "occlusion_rate": 0.9579943402900601, "t": [0.37844, 0.0493575, 0.155308]}, {"R": [[0.01552891171100007, -0.258997205644, 0.9657534710119999], [0.937621935476, 0.33926889853699993, 0.075909070616], [-0.34731027254799995, 0.9043326425360001, 0.248109880151]], "segmentation_id": 48933, "occlusion_rate": 0.9481379310344827, "t": [0.139339, 0.305383, 0.16185]}, {"R": [[0.5106579373050001, 0.67330378728, 0.5346866134399999], [0.18882043367999998, 0.518879026823, -0.8337329865359999], [-0.83879354336, 0.526712311464, 0.137836229127]], "segmentation_id": 48059, "occlusion_rate": 0.4410833333333334, "t": [-0.0400397, 0.0886649, 0.195597]}, {"R": [[0.174566478212, -0.634897564504, 0.752618073512], [-0.352091487208, -0.754066138372, -0.554453046616], [0.919543618664, -0.16820130455200002, -0.35517628274800006]], "segmentation_id": 47185, "occlusion_rate": 0.08774257754188086, "t": [0.184003, -0.0883705, 0.220772]}, {"R": [[-0.10099238479495998, -0.8978501348072, 0.4285612530904], [-0.9726424294807999, -0.001476399260959993, -0.2323006642892], [0.2092040071256, -0.44029766031879997, -0.87313843560496]], "segmentation_id": 46311, "occlusion_rate": 0.9061239919354839, "t": [-0.0669515, -0.295001, 0.172302]}, {"R": [[-0.5864124669640001, 0.037930598021999995, 0.809123951364], [-0.709351813542, -0.5063201004760001, -0.490367047044], [0.391075828404, -0.861510943596, 0.323818577062]], "segmentation_id": 45438, "occlusion_rate": 0.6384892086330936, "t": [0.0555098, 0.0638817, 0.136224]}, {"R": [[-0.07872359625400008, 0.9948647261520001, -0.06360585199199997], [-0.13642131952800002, 0.052452555935999956, 0.9892607772020001], [0.9875174688720001, 0.08655540647800009, 0.13159157510400007]], "segmentation_id": 44564, "occlusion_rate": 0.26686070686070684, "t": [0.266889, 0.10315, 0.150951]}, {"R": [[0.37067166724736, -0.41451741994400004, -0.8311312565908], [0.329988277064, 0.89526929215864, -0.29933588748640005], [0.8681656490092, -0.1633081293136, 0.4686365359206399]], "segmentation_id": 43690, "occlusion_rate": 0.6010944981921236, "t": [-0.17043, 0.211137, 0.14704]}, {"R": [[-0.2940242678659999, -0.654769519612, -0.6962963933799999], [-0.07022184098, 0.74132688434, -0.66746191273], [0.953215969388, -0.14735463373399993, -0.2639469434599999]], "segmentation_id": 42816, "occlusion_rate": 0.7298076108144758, "t": [-0.0296481, -0.155117, 0.17529]}, {"R": [[-0.19252214234400003, -0.3899498403420001, -0.900487030744], [-0.9811969161380001, 0.06359445506399994, 0.1822385877360001], [-0.013797908616000054, 0.9186388915760001, -0.3948604189020001]], "segmentation_id": 41942, "occlusion_rate": 0.9985632183908046, "t": [0.0824822, -0.318869, 0.210377]}, {"R": [[0.376402358477, -0.63927596446, 0.670556940436], [0.32270467162000005, 0.768928168435, 0.55191509426], [-0.8684365630359999, 0.008649717980000027, 0.495723938227]], "segmentation_id": 41069, "occlusion_rate": 0.8415532879818595, "t": [-0.310372, 0.0637854, 0.158612]}, {"R": [[0.2673699293090001, 0.6029730141320001, 0.7516221985360001], [0.9116333664520001, -0.41096776534100005, 0.005400483703999981], [0.31214898730400004, 0.683760268136, -0.6595710497330001]], "segmentation_id": 40195, "occlusion_rate": 0.5915997395268071, "t": [-0.269485, -0.164643, 0.190794]}, {"R": [[-0.13371343385476003, 0.1464924274568, -0.9801325404567999], [-0.3192804758152, -0.9426481200912398, -0.09733247150559998], [-0.9381789839511999, 0.2999226582704, 0.17281696585124]], "segmentation_id": 39321, "occlusion_rate": 0.7530789768323142, "t": [0.241112, -0.179513, 0.160872]}, {"R": [[0.43278579746375, -0.540660228035, -0.7213770412400001], [0.270127438997, -0.6856566426897501, 0.675949701775], [-0.8600752783960001, -0.48740470909699996, -0.15069515365625002]], "segmentation_id": 38447, "occlusion_rate": 1.0, "t": [-0.386193, -0.21796, 0.137506]}, {"R": [[0.8219067173935599, 0.367628905426, -0.43510833397640003], [0.04422504187000004, 0.72036423896356, 0.6921852608884002], [0.5679035306036001, -0.5881541274316001, 0.5758135364944401]], "segmentation_id": 37573, "occlusion_rate": 0.9317016317016317, "t": [-0.126572, -0.178158, 0.11456]}, {"R": [[-0.846603603369, 0.41756855866199993, -0.329998784582], [0.022008437497999994, -0.592040039751, -0.8056082051819999], [-0.531769054842, -0.689293442878, 0.49203311084100004]], "segmentation_id": 36700, "occlusion_rate": 1.0, "t": [0.402092, -0.105725, 0.138735]}, {"R": [[0.8285080583206401, -0.2347295294168, 0.5084067568832], [0.1734892769792, -0.75563790856064, -0.6315962373592], [0.5324254437928, 0.6114853917248001, -0.5853287517593602]], "segmentation_id": 35826, "occlusion_rate": 0.7908803316243046, "t": [-0.198552, -0.284917, 0.130483]}, {"R": [[-0.17543006375999987, 0.32018040288, 0.930971931008], [0.10129589280000002, -0.934747694608, 0.34056691487999996], [0.9792667505920001, 0.15404931359999996, 0.13154989223999985]], "segmentation_id": 34952, "occlusion_rate": 0.9165861796470278, "t": [0.0525323, -0.218654, 0.137347]}, {"R": [[0.28122303611924004, -0.028218082228600005, -0.9592283473055], [0.1214352683986, 0.99257954784874, 0.006402754452200003], [0.9519289669025001, -0.11828465458779999, 0.28256266728676005]], "segmentation_id": 34078, "occlusion_rate": 0.9980903882877148, "t": [-0.324222, -0.0938207, 0.116427]}, {"R": [[-0.439368493416, 0.07519464108200002, -0.895153990224], [0.898039077702, 0.06108891266400002, -0.435652996016], [0.021925217935999997, -0.9952956766559999, -0.09436828978200001]], "segmentation_id": 33204, "occlusion_rate": 0.5737179487179487, "t": [-0.174411, 0.0390546, 0.128773]}, {"R": [[-0.96489581101303, 0.24534051104159998, 0.09373266268500001], [-0.06437895944399998, -0.56694872519095, 0.82123455669372], [0.2546235024366, 0.7863707021302799, 0.56284073711905]], "segmentation_id": 32331, "occlusion_rate": 1.0, "t": [-0.39683, 0.134556, 0.101972]}, {"R": [[-0.13209134403800005, 0.7866764344199999, -0.6030683219159999], [-0.22793085341999997, 0.56799075378, 0.79084345241], [0.9646754580839999, 0.24192153209, 0.10428120358799997]], "segmentation_id": 31457, "occlusion_rate": 1.0, "t": [0.3953, -0.247801, 0.14694]}, {"R": [[0.028777249836960006, 0.2655709681652, 0.9636613509431999], [0.3537200403828, -0.9043874156990399, 0.23867300622159998], [0.9349081620488, 0.33399810139439995, -0.11996360006904]], "segmentation_id": 30583, "occlusion_rate": 0.5877558756633814, "t": [-0.0482918, -0.0432856, 0.136059]}, {"R": [[-0.758157044169, 0.08761022428999998, -0.646159629942], [-0.651942469758, -0.08209720714499996, 0.7538109757060001], [0.012993648169999983, 0.99276604473, 0.11935940653499993]], "segmentation_id": 29709, "occlusion_rate": 0.47972679965307896, "t": [0.147167, 0.116155, 0.123873]}, {"R": [[-0.42770200906728995, 0.34076386280219995, -0.8372284685070001], [-0.4756575975978, -0.87245721493071, -0.1121105935828], [-0.768649054197, 0.3502840635172, 0.5352384828827099]], "segmentation_id": 28835, "occlusion_rate": 0.9662576687116564, "t": [0.19934, -0.28146, 0.127162]}, {"R": [[0.21306302537700006, -0.9245853233439999, -0.3158257698479999], [0.755964098928, -0.048779528673000006, 0.652792944616], [-0.618968673016, -0.377839022952, 0.6885602692469999]], "segmentation_id": 27962, "occlusion_rate": 0.8724944320712695, "t": [0.127255, -0.0877208, 0.126847]}, {"R": [[-0.0634716807010001, -0.08611402075800001, 0.994261114746], [-0.406972831122, 0.9119010459810001, 0.05300037910599997], [-0.911232079986, -0.401273349334, -0.09292598472300004]], "segmentation_id": 27088, "occlusion_rate": 0.9641881957571938, "t": [-0.283702, -0.273734, 0.0520608]}, {"R": [[0.6416040568430001, 0.759537926494, 0.10698843620600001], [0.597015957194, -0.4069320904910001, -0.691359800398], [-0.48157692440600003, 0.507453017498, -0.7145454876590001]], "segmentation_id": 26214, "occlusion_rate": 0.8365420913552284, "t": [-0.293964, 0.196403, 0.0905033]}, {"R": [[-0.10965538788061008, -0.334001285261, -0.9361731083354], [0.521828223719, -0.82096117879139, 0.23177424202299995], [-0.8459741439645999, -0.463105966037, 0.2643139485193901]], "segmentation_id": 25340, "occlusion_rate": 0.6889727634397633, "t": [0.255205, -0.0615486, 0.123047]}, {"R": [[-0.9274015138240002, -0.372317059456, -0.036177796622000005], [-0.250998160064, 0.6910713367180001, -0.677807291776], [0.277360324082, -0.619518206656, -0.7343506218560001]], "segmentation_id": 24466, "occlusion_rate": 0.9903332485372679, "t": [-0.0928183, 0.278225, 0.0649069]}, {"R": [[0.7405802584559998, -0.520091735258, 0.425495646504], [0.03280758979799994, 0.660437917704, 0.7501643129359999], [-0.671167356424, -0.5415971023439999, 0.5061699673979999]], "segmentation_id": 23593, "occlusion_rate": 0.8352705410821644, "t": [0.2797, 0.268741, 0.110846]}, {"R": [[-0.872297973368, 0.05195079101999994, -0.486206955576], [0.469142169, -0.1913963008400001, -0.8621327763], [-0.13784670327600002, -0.9801369363599999, 0.14258230976800007]], "segmentation_id": 22719, "occlusion_rate": 0.8655300756393325, "t": [-0.0470169, 0.154707, 0.0914327]}, {"R": [[0.301312572231, -0.677208329882, 0.671269207518], [-0.36677137765799994, 0.5675113341990001, 0.737165096362], [-0.8801660227220001, -0.46831880242199997, -0.07738222632899991]], "segmentation_id": 21845, "occlusion_rate": 0.5047282552218643, "t": [0.16242, 0.2693, 0.0534454]}, {"R": [[0.20950529281900004, 0.059312900384, 0.976006436132], [0.6303413941760001, 0.7548789228370001, -0.18118109693599999], [-0.7475134181480001, 0.6531759662959999, 0.12076381073900001]], "segmentation_id": 20971, "occlusion_rate": 0.9892963119966087, "t": [0.323384, -0.279242, 0.0551694]}, {"R": [[0.1671964358400001, -0.35666156704, -0.9191509888799999], [0.984360466224, 0.007906070400000131, 0.17599042163200007], [-0.05550212876799998, -0.9342005579999999, 0.352405296576]], "segmentation_id": 20097, "occlusion_rate": 0.90703125, "t": [0.0640364, -0.150317, 0.0606143]}, {"R": [[-0.07523338548075997, -0.5973376072148, 0.7984548377660001], [-0.4571186714852, -0.69097353708076, -0.560000445062], [0.8862194226740001, -0.407118854018, -0.22106962888276005]], "segmentation_id": 19224, "occlusion_rate": 0.8312327688066168, "t": [0.323332, 0.00383967, 0.0670675]}, {"R": [[-0.33616747355099985, 0.766759295562, -0.546873950246], [-0.10277978125800002, 0.5473316169590001, 0.8305804733459999], [0.936176933786, 0.33542180729399995, -0.10518776022299986]], "segmentation_id": 18350, "occlusion_rate": 0.9157906263688129, "t": [-0.0691372, -0.110736, 0.0480307]}, {"R": [[-0.41655549895000005, -0.8929381190999999, 0.17071405229999992], [0.28065279029999995, 0.05230156069999997, 0.95838343785], [-0.8647056050999999, 0.44713120905, 0.22881904270000003]], "segmentation_id": 17476, "occlusion_rate": 0.9806961700379916, "t": [0.371882, 0.107274, 0.0478977]}, {"R": [[0.06811038185604007, 0.700666406302, 0.7102323257052], [-0.8457633187060001, -0.3370528512620401, 0.41362081391160005], [0.5291954063748, -0.6288595678284, 0.56964046497404]], "segmentation_id": 16602, "occlusion_rate": 0.8062380649267982, "t": [-0.271303, 0.0834717, 0.0543084]}, {"R": [[0.0860098848620399, -0.31647814720439993, 0.9446935135275999], [0.49566920199559994, 0.83612171881596, 0.23497758610199998], [-0.8642431916723999, 0.44804464746199996, 0.22878298009595982]], "segmentation_id": 15728, "occlusion_rate": 0.9969476897168719, "t": [-0.242712, -0.0382876, 0.0479113]}, {"R": [[-0.33689175085800005, 0.12624946097999998, 0.9330417592599999], [-0.49952224865999995, -0.86397486214, -0.063457571658], [0.7981123818199999, -0.48745298635799994, 0.35413008174000005]], "segmentation_id": 14855, "occlusion_rate": 0.9880502502298029, "t": [0.22621, -0.162027, 0.0495487]}, {"R": [[0.04144337910600007, -0.203964571644, -0.978100358212], [-0.9793811846760001, 0.185432709268, -0.08016617945399995], [0.1977229180520001, 0.961255728066, -0.19207416231600002]], "segmentation_id": 13981, "occlusion_rate": 0.9649363613676067, "t": [-0.235469, 0.286836, 0.061622]}, {"R": [[0.45652779413799993, -0.8893086843959999, -0.026692672427999997], [-0.12113633782799993, -0.03240733501199991, -0.992106755354], [0.881424087804, 0.4561577470779999, -0.12252244261199993]], "segmentation_id": 13107, "occlusion_rate": 0.9609323703217334, "t": [-0.199482, -0.171529, 0.0489688]}, {"R": [[0.08004644454943999, -0.2542962410576, -0.9638086276748], [0.1636315650304, -0.95044193151544, 0.2643594674384], [-0.9832692204692001, -0.17887045279359998, -0.03446858681055992]], "segmentation_id": 12233, "occlusion_rate": 0.9788041758937045, "t": [0.0686054, -0.0318369, 0.0510522]}, {"R": [[-0.2599089824609999, -0.922790195618, -0.284439838014], [0.023778125401999972, -0.300589866531, 0.9534572767739999], [-0.965340544746, 0.24104861076599987, 0.10006820503700004]], "segmentation_id": 11359, "occlusion_rate": 0.9333063044800325, "t": [0.0618375, 0.107026, 0.0472498]}, {"R": [[0.15234215197500006, 0.02970083046800004, 0.98788162242], [0.6123512382680001, -0.7874132978249999, -0.07075754315999999], [0.77576942466, 0.61570977708, -0.1381435510070001]], "segmentation_id": 10486, "occlusion_rate": 0.9190435732491807, "t": [0.2288, 0.159242, 0.0495771]}, {"R": [[-0.22324413118800007, -0.9037432410760001, 0.36525288688199997], [0.217440850708, 0.319096823838, 0.9224403247560001], [-0.9502005017940001, 0.2853503644680001, 0.12527423982799996]], "segmentation_id": 9612, "occlusion_rate": 0.9496002428903957, "t": [0.204326, 0.00388101, 0.0470535]}, {"R": [[-0.37662859259300013, 0.765085492886, -0.522298383638], [0.323024942582, -0.419960257217, -0.848108942626], [-0.8682201906460001, -0.48813735840200007, -0.088972634113]], "segmentation_id": 8738, "occlusion_rate": 0.9960176991150442, "t": [0.375487, 0.262648, 0.0548496]}, {"R": [[0.3912046244075902, -0.45724207435459996, 0.7986807265736001], [0.3456984315574, -0.73128011584159, -0.5879832160118], [0.8529090291344, 0.5061238517722001, -0.12801214944841016]], "segmentation_id": 7864, "occlusion_rate": 0.7969514275964054, "t": [-0.175918, 0.173165, 0.0492995]}, {"R": [[0.6456871857470001, 0.7307336216920001, -0.22162359097600004], [-0.178654068796, 0.42674291838699996, 0.886551627992], [0.742409163232, -0.5328409138960002, 0.406090850197]], "segmentation_id": 6990, "occlusion_rate": 1.0, "t": [-0.384426, -0.014996, 0.0497049]}, {"R": [[0.7476485342310001, 0.625046323846, -0.22436565853800003], [-0.17626676789399998, 0.5125086934169999, 0.8403963660860001], [0.640275629882, -0.588772552554, 0.49335097604099987]], "segmentation_id": 6117, "occlusion_rate": 1.0, "t": [-0.385388, 0.268933, 0.0522693]}, {"R": [[0.444447822801, 0.564266416622, 0.695751455862], [0.17246117175800005, 0.708250538769, -0.684572029098], [-0.879047109942, 0.424246543722, 0.21746630335899986]], "segmentation_id": 5243, "occlusion_rate": 0.9991732975095587, "t": [-0.0931038, 0.0425293, 0.0477768]}, {"R": [[-0.05363633236318993, -0.5376048312352, 0.8414900227556001], [0.49895516679679996, 0.71553180698719, 0.48893685055479996], [-0.8649671407004, 0.44609029101319997, 0.22986206056319008]], "segmentation_id": 4369, "occlusion_rate": 1.0, "t": [-0.356066, -0.183633, 0.0478625]}, {"R": [[-0.051759584560000016, 0.887565522968, -0.45776217382599993], [0.42996606747999994, -0.3939110970739999, -0.8123798670319999], [-0.90135894413, -0.23887090651999993, -0.36123477656]], "segmentation_id": 3495, "occlusion_rate": 0.9846523282522447, "t": [0.0456163, 0.267562, 0.0622469]}, {"R": [[0.0903885625369999, 0.09545646118399995, 0.991321138856], [0.48917074918399994, -0.8713021004889999, 0.039297027728000034], [0.867491506856, 0.481373391728, -0.12545027632899985]], "segmentation_id": 2621, "occlusion_rate": 0.9969435075885329, "t": [0.101604, -0.26442, 0.0491415]}, {"R": [[0.1344676478779998, -0.953131182616, 0.27103447834400013], [0.004742949016000031, -0.2728963693040001, -0.962031893498], [0.990906778744, 0.13064764979799992, -0.03217507565599992]], "segmentation_id": 1748, "occlusion_rate": 0.9541888923752746, "t": [0.36799, -0.148919, 0.0480777]}, {"R": [[-0.13896466073375002, 0.59882307906, 0.788731921305], [0.35202641723999994, -0.71456847998175, 0.604539154741], [0.925615754655, 0.361664358259, -0.11150187143174989]], "segmentation_id": 874, "occlusion_rate": 0.9991690038433573, "t": [-0.0622869, -0.279207, 0.0479745]}]