[{"R": [[-0.30477828070856, -0.541837850456, -0.783276765776], [0.410646720784, 0.66727641785056, -0.6213791123564], [0.8593486013839999, -0.5110327527435999, 0.01913257185056]], "segmentation_id": 65535, "occlusion_rate": 0.0666713552289191, "t": [0.0375624, -0.150434, 0.273777]}, {"R": [[-0.09718560481500016, 0.8951653384999999, 0.43501289099999996], [-0.9575448998999999, -0.2032915961370001, 0.20440775911599995], [0.2714129018, -0.396678439116, 0.876917038863]], "segmentation_id": 64612, "occlusion_rate": 0.9189189189189189, "t": [-0.249605, 0.309281, 0.166441]}, {"R": [[0.45520456636600004, 0.6470905988800001, 0.6116065105120001], [0.33156561851200006, 0.5143047661600001, -0.7909202312660001], [-0.82634920432, 0.56281820195, 0.01956088376]], "segmentation_id": 63689, "occlusion_rate": 0.10253861446704393, "t": [0.0760135, -0.00424636, 0.249135]}, {"R": [[0.5215911642230001, 0.44157758349599996, -0.730036044168], [-0.834986681928, 0.088357558847, -0.5431306596240001], [-0.17533005741600005, 0.8928622011120001, 0.4147977717129999]], "segmentation_id": 62766, "occlusion_rate": 0.09481340375790115, "t": [-0.156326, -0.13758, 0.285269]}, {"R": [[-0.8347869952710001, -0.232947817742, 0.498864813822], [-0.42495112264199997, -0.30349823516100005, -0.8528220684020001], [0.350067610078, -0.9239178811980001, 0.15436493420100006]], "segmentation_id": 61843, "occlusion_rate": 1.0, "t": [-0.393498, -0.199909, 0.227669]}, {"R": [[-0.1369863507200001, -0.87632887222, -0.46182538332800005], [0.5505642372800001, -0.4549318646720001, 0.6999401805800001], [-0.823476774172, -0.15838227008, 0.54479472848]], "segmentation_id": 60920, "occlusion_rate": 0.7470689655172413, "t": [0.351079, 0.177746, 0.17988]}, {"R": [[-0.45229819106595986, -0.7730513945816, 0.444767190928], [-0.5534944428183999, -0.14773500681596002, -0.8196451890679999], [0.6993355521919999, -0.616900215212, -0.36105938063396]], "segmentation_id": 59997, "occlusion_rate": 0.9189956144122453, "t": [-0.272524, -0.150443, 0.228006]}, {"R": [[-0.38528803124845, 0.110808834406, -0.91611888711452], [0.0636313522076, -0.98721071267723, -0.14616887468], [-0.92059951342948, -0.1146110427776, 0.37330969031155004]], "segmentation_id": 59074, "occlusion_rate": 0.6655821917808219, "t": [0.259362, 0.284404, 0.204126]}, {"R": [[0.9522720454142399, 0.060339070583999954, 0.299227905208], [0.284663785096, 0.17835964318224004, -0.9418888248144001], [-0.11020286815199999, 0.9821136519856001, 0.15267053941776002]], "segmentation_id": 58151, "occlusion_rate": 0.14604810996563578, "t": [-0.209131, 0.0405388, 0.226594]}, {"R": [[0.43046989416, 0.650787521952, -0.62543796167], [0.256723776952, 0.57602844879, 0.7760705515199999], [0.8653264961699999, -0.49463946452, 0.08089021924800001]], "segmentation_id": 57228, "occlusion_rate": 0.05014699706005876, "t": [-0.0550644, 0.182519, 0.185961]}, {"R": [[-0.5983925515669879, -0.5246428471393401, -0.6055375972082601], [0.54513986192066, 0.28726138583898797, -0.7875931510679001], [0.58715281625174, -0.8013927399281001, 0.11410868159898796]], "segmentation_id": 56305, "occlusion_rate": 0.5598066183212469, "t": [0.0763731, -0.205146, 0.205417]}, {"R": [[-0.45626740782, 0.34759841914, -0.8191446961619999], [0.62953245982, 0.776690160162, -0.021069381060000003], [0.628897111038, -0.52529075358, -0.57320213678]], "segmentation_id": 55382, "occlusion_rate": 1.0, "t": [-0.357234, -0.312104, 0.191374]}, {"R": [[-0.3767645360509999, 0.560183115102, 0.7377281937780001], [0.20915683243800007, -0.724402096899, 0.656882445662], [0.9023865190620001, 0.4017909973220001, 0.1557629309309999]], "segmentation_id": 54459, "occlusion_rate": 0.8094138982771413, "t": [-0.216097, -0.307146, 0.211281]}, {"R": [[-0.495038207496, -0.8595207848100002, -0.127123757728], [0.233271715178, 0.009461439480000111, -0.9723651804960001], [0.83697116808, -0.51101248304, 0.1958181864899999]], "segmentation_id": 53536, "occlusion_rate": 0.10511029123165083, "t": [0.191785, 0.0594957, 0.224917]}, {"R": [[-0.9274102296360001, -0.37280463130200003, -0.030477972819999977], [-0.045055315930000006, 0.19222623234000008, -0.9803167998600001], [0.371324949948, -0.9077817559640001, -0.19506921609]], "segmentation_id": 52613, "occlusion_rate": 0.21698294038719568, "t": [-0.0833961, -0.0434943, 0.189384]}, {"R": [[0.10154486520064002, -0.7052609453248001, -0.7016374229000001], [-0.6106215633352, 0.5126112165126401, -0.6036310801792001], [0.7853848614560001, 0.48973071536080004, -0.37859461128064]], "segmentation_id": 51690, "occlusion_rate": 0.28802497162315555, "t": [-0.0861536, -0.192763, 0.215573]}, {"R": [[0.531371935279, 0.833738013598, 0.15008209821799992], [0.560056138978, -0.47866407643099984, 0.676178725082], [0.635594865238, -0.27524801859799997, -0.7212888053109999]], "segmentation_id": 50767, "occlusion_rate": 0.20209515495416852, "t": [-0.178922, 0.193081, 0.174617]}, {"R": [[0.2086422339532501, 0.933720964469, -0.29091545643600003], [-0.9551329127789999, 0.25847828518275007, 0.144597092248], [0.21020885140400003, 0.247694086872, 0.94575795116475]], "segmentation_id": 49844, "occlusion_rate": 0.6795189685097942, "t": [0.0502535, -0.0915912, 0.153325]}, {"R": [[-0.7799540014900699, 0.62548596090024, -0.020959279339799998], [-0.6095812271517601, -0.7668523661739299, -0.20086910940140001], [-0.14171346505500002, -0.143892266381, 0.9793939619029499]], "segmentation_id": 48920, "occlusion_rate": 0.6250856751199452, "t": [0.312701, 0.040882, 0.192723]}, {"R": [[0.7187160931967498, 0.216836903345, 0.660625880395], [-0.179545425155, -0.8600241811487499, 0.477618537397], [0.671720356105, -0.46188503364699995, -0.5791818350112499]], "segmentation_id": 47997, "occlusion_rate": 0.9428044280442804, "t": [-0.0149322, -0.295058, 0.158475]}, {"R": [[0.22689984995599988, 0.8412654983179999, 0.49070082292399997], [-0.4385825199219999, 0.5381240432359999, -0.719768272084], [-0.869574786604, -0.05189752999600006, 0.49106498049799985]], "segmentation_id": 47074, "occlusion_rate": 0.5360552878057652, "t": [0.138756, -0.223378, 0.130562]}, {"R": [[-0.33442775350996, 0.4988960080268, -0.7995372529516002], [-0.4304415486052, -0.8355850085640402, -0.3413454770428], [-0.8383776708124001, 0.2299987709492, 0.49418864257004]], "segmentation_id": 46151, "occlusion_rate": 0.30668560413919044, "t": [0.230712, 0.192176, 0.142544]}, {"R": [[0.06668537592384, 0.5037492866144, 0.8612723250504001], [-0.2908453526856, -0.8158935724358402, 0.4997268857120001], [0.9544434726496002, -0.28382148565200005, 0.09210495547584008]], "segmentation_id": 45228, "occlusion_rate": 0.8868706463274844, "t": [-0.305385, 0.136281, 0.139972]}, {"R": [[-0.9066885677700001, 0.13315436364000002, -0.400231187704], [0.414574783704, 0.10645071524, -0.9037672493700001], [-0.07773568604, -0.985361561946, -0.15172014516000004]], "segmentation_id": 44305, "occlusion_rate": 1.0, "t": [-0.327278, -0.0778498, 0.170702]}, {"R": [[0.816918223952, 0.559547400764, 0.13982549335999994], [-0.01651430233599993, 0.26502926004799987, -0.9640988621800001], [-0.57651690358, 0.7852808698400001, 0.2257477846399999]], "segmentation_id": 43382, "occlusion_rate": 0.994227014177774, "t": [0.401835, 0.0402284, 0.149104]}, {"R": [[0.16013217795599996, -0.977769175476, 0.13537285185800008], [0.01342229048400001, 0.13928678136200004, 0.9901614608759999], [-0.987004666478, -0.15673964391599998, 0.03542818544400003]], "segmentation_id": 42459, "occlusion_rate": 0.36845730027548207, "t": [0.311473, -0.0941307, 0.137333]}, {"R": [[-0.10404890944399997, -0.9869246937760001, -0.123106522928], [-0.630074796176, 0.16118072349199994, -0.759623767616], [0.769533182128, -0.0014717059839999824, -0.6386064973160002]], "segmentation_id": 41536, "occlusion_rate": 0.5548011639185257, "t": [0.324685, -0.251801, 0.107525]}, {"R": [[0.98819327212279, 0.139395220613, -0.0635968467812], [-0.03335917315700001, 0.60086257745279, 0.7986569088801999], [0.1495418069188, -0.7871052439198, 0.59841800816521]], "segmentation_id": 40613, "occlusion_rate": 1.0, "t": [-0.404173, -0.0123124, 0.149466]}, {"R": [[0.49522833123199994, -0.819402891688, 0.28866610719400004], [0.337750300624, 0.487725834502, 0.805014636632], [-0.8004211109020001, -0.30116894238399994, 0.5182891410880001]], "segmentation_id": 39690, "occlusion_rate": 0.26206773935460925, "t": [0.0801569, 0.100632, 0.182761]}, {"R": [[-0.13038128667271004, 0.7915347907497998, -0.5970542279432], [-0.6353355558661999, 0.39560549356271, 0.6632083992998], [0.7611503186128, 0.4657996613162, 0.4513105626727099]], "segmentation_id": 38767, "occlusion_rate": 0.5855813516307924, "t": [-0.189124, -0.132228, 0.142446]}, {"R": [[0.10789170094459, -0.6971157070614, 0.7087946081754], [0.5273104165506, -0.5642764645285899, -0.6352452447042], [0.8427952480926, 0.4422923097798, 0.30671551516858997]], "segmentation_id": 37844, "occlusion_rate": 0.20201079873394157, "t": [-0.132555, 0.0856197, 0.148426]}, {"R": [[-0.18069190919136008, -0.6341362415791999, 0.7518116968404001], [-0.6737715531648, -0.47705064032135996, -0.5643170626096], [0.7165064511476, -0.6085171157184001, -0.34106391157535987]], "segmentation_id": 36921, "occlusion_rate": 0.5150087743603953, "t": [0.0706871, 0.199613, 0.126311]}, {"R": [[0.02960528441799981, -0.751959261016, 0.658543926856], [0.35755095450400004, -0.6072733092160001, -0.7094897811379999], [0.933423884824, 0.2564677452979999, 0.25088533945600006]], "segmentation_id": 35998, "occlusion_rate": 0.9932463687667684, "t": [-0.168639, -0.276144, 0.119703]}, {"R": [[-0.32019246488799985, -0.917686723682, 0.2352199302159999], [0.26873007700600005, 0.15011003487199998, 0.951447148352], [-0.908439037088, 0.36785677589599985, 0.19854586695799997]], "segmentation_id": 35075, "occlusion_rate": 0.9965166130760986, "t": [0.387055, 0.257936, 0.12404]}, {"R": [[-0.12777523939000993, 0.3508163360388, -0.927686162229], [0.24052178814119998, 0.9183923829619901, 0.31417340653020004], [0.962196958347, -0.1829851313898, -0.20172675593998987]], "segmentation_id": 34152, "occlusion_rate": 0.8411555478441919, "t": [0.195191, 0.065413, 0.128871]}, {"R": [[0.06938907081659004, 0.473072709162, -0.8782863666642], [0.667328645718, 0.63240934641459, 0.39335794175600014], [0.7415235725358, -0.6134005246040001, -0.27181273141658996]], "segmentation_id": 33229, "occlusion_rate": 1.0, "t": [-0.307176, -0.202601, 0.128217]}, {"R": [[-0.06521851009199998, 0.879114862132, -0.4721272717859999], [0.1971074223560001, 0.47516186164199997, 0.857537418972], [0.9782104914779999, -0.037132466436000044, -0.20426935634800003]], "segmentation_id": 32306, "occlusion_rate": 0.9044217379509901, "t": [-0.0605638, -0.16781, 0.123764]}, {"R": [[0.37662382476, 0.82504876182, 0.421247168264], [0.5959907701359999, -0.5639287479599999, 0.57164631606], [0.70918942326, 0.035763799736000024, -0.70411039908]], "segmentation_id": 31383, "occlusion_rate": 0.9987613542526838, "t": [-0.268965, -0.2894, 0.0759307]}, {"R": [[0.3030906426819999, 0.10065855473599988, 0.9476304801519999], [0.9261930238479998, -0.26515066724799996, -0.268069422854], [0.22428141726399997, 0.9589382609179999, -0.1735939712479999]], "segmentation_id": 30460, "occlusion_rate": 0.928116769095698, "t": [-0.099417, 0.302863, 0.133641]}, {"R": [[0.8368190449919999, -0.267619928736, -0.477612741256], [0.35900129046400003, -0.39041164730399985, 0.847760160672], [-0.413342993544, -0.8808852310719999, -0.23062794777599988]], "segmentation_id": 29537, "occlusion_rate": 0.5636344559857307, "t": [-0.00288122, 0.0421445, 0.124425]}, {"R": [[-0.97452450685363, -0.007146135210199994, 0.2241629843816], [-0.21880992073340003, 0.24963100190674992, -0.9432946023111201], [-0.04921716574479998, -0.96831369964088, -0.24483540380724989]], "segmentation_id": 28614, "occlusion_rate": 0.2902946273830156, "t": [0.196817, -0.0824661, 0.135051]}, {"R": [[-0.29869636580499986, 0.9037796501500001, 0.3065371064859999], [0.742793514814, 0.4218333804349999, -0.51991976893], [-0.59919983981, 0.07239555061400005, -0.797320894525]], "segmentation_id": 27691, "occlusion_rate": 0.8588615350339757, "t": [-0.148371, -0.0331994, 0.0866451]}, {"R": [[-0.154122426884, 0.17365882151800005, 0.9726715021159998], [-0.8356129175179999, 0.502415386564, -0.222105360604], [-0.527255430884, -0.8470078823959999, 0.06767804334199998]], "segmentation_id": 26768, "occlusion_rate": 0.9292619665173308, "t": [-0.0599287, 0.189251, 0.0676039]}, {"R": [[-0.9462780126529101, -0.040680860985, -0.3207873162984], [-0.236906485113, 0.76242192714891, 0.6021541615672], [0.22007896778160002, 0.6458013506728001, -0.7311001131090901]], "segmentation_id": 25845, "occlusion_rate": 1.0, "t": [-0.363059, 0.278889, 0.100247]}, {"R": [[0.282926850634, -0.05989093303600007, -0.9572691546680001], [-0.7623367744360001, 0.591629338588, -0.26232828519400003], [0.582059963132, 0.803981693206, 0.12173084020400003]], "segmentation_id": 24922, "occlusion_rate": 0.702368293861769, "t": [0.174923, 0.298574, 0.116634]}, {"R": [[0.7824971569250001, -0.14173215767999997, -0.606308288208], [0.60742655736, 0.387792095733, 0.6932891268200001], [0.13686022900800004, -0.9107847338600001, 0.3895381775250001]], "segmentation_id": 23999, "occlusion_rate": 0.9717068035267798, "t": [0.116829, -0.0646761, 0.0594598]}, {"R": [[-0.738986179192, -0.006863956450000042, -0.673686306856], [-0.65329918597, 0.25163599723999996, 0.71405911904], [0.164622378656, 0.9677980874, -0.19043965304200006]], "segmentation_id": 23076, "occlusion_rate": 0.9575344077167393, "t": [0.280789, 0.0867068, 0.0618069]}, {"R": [[0.17784379421599988, -0.4383643640039999, -0.881026231368], [0.660330900936, 0.7169637827920001, -0.22343899964400005], [0.7296119771880001, -0.542031889896, 0.41697331354399997]], "segmentation_id": 22153, "occlusion_rate": 0.8485089012359678, "t": [0.217126, -0.284464, 0.0496581]}, {"R": [[0.6654260204479999, 0.48014397062400005, -0.571551342408], [0.10961940316800001, 0.6945221363919999, 0.711072110784], [0.7383716922960001, -0.535818745248, 0.40951980963199996]], "segmentation_id": 21230, "occlusion_rate": 0.9508104457451598, "t": [-0.229659, -0.125214, 0.0496959]}, {"R": [[-0.14634274857890994, -0.6611521543422001, 0.7358403827878001], [0.48083169062180003, 0.6025253492189101, 0.6369957056658], [-0.8645138086962, 0.44703520281020004, 0.2297277567389101]], "segmentation_id": 20307, "occlusion_rate": 0.7370020964360586, "t": [-0.0288089, -0.0533121, 0.0478731]}, {"R": [[0.8922653222549901, 0.026072544885399992, 0.4507568016866], [-0.16063716584139998, 0.95134179489499, 0.2629512643034], [-0.4219682130374, -0.3070307620606, 0.85303799182501]], "segmentation_id": 19384, "occlusion_rate": 0.9719578080782094, "t": [-0.281595, 0.00389774, 0.105947]}, {"R": [[0.40245755278500006, -0.913676548694, -0.05675859944999989], [-0.06345882711, -0.08969737297499988, 0.993944573194], [-0.9132356494939999, -0.39641897241, -0.09408029998499992]], "segmentation_id": 18461, "occlusion_rate": 0.9720869847452126, "t": [-0.224162, 0.0914527, 0.0519782]}, {"R": [[0.48710197765600016, 0.631244560818, 0.603540000144], [0.126010675362, 0.6330370949840001, -0.7637957253360002], [-0.864205726104, 0.4480992131040001, 0.22881023175800008]], "segmentation_id": 17538, "occlusion_rate": 0.9488713100520934, "t": [0.357513, 0.149751, 0.0479157]}, {"R": [[0.34909402410400003, -0.710711273768, 0.610755309038], [0.14083763091199997, -0.6045641359660001, -0.784006484072], [0.9264433732820001, 0.359709453152, -0.110954879384]], "segmentation_id": 16615, "occlusion_rate": 1.0, "t": [-0.379052, 0.163656, 0.0479992]}, {"R": [[0.0843071593039999, -0.471621697528, 0.8777610443800001], [0.09416551894000003, -0.87318397148, -0.47820683884000004], [0.9919800056720001, 0.12297113519600003, -0.02920517035999992]], "segmentation_id": 15691, "occlusion_rate": 0.9637980968142326, "t": [0.197036, 0.0130716, 0.0480345]}, {"R": [[-0.6360378410679999, 0.739156637426, -0.22158931558000006], [-0.03633134542600003, 0.25815690513199996, 0.9654188419399999], [0.77080113698, 0.6220940221399999, -0.13734310884999995]], "segmentation_id": 14768, "occlusion_rate": 0.9040343757460014, "t": [-0.0993766, 0.082799, 0.0496762]}, {"R": [[0.03834855916000001, -0.444474394616, -0.8949697445620001], [-0.004803106479999986, 0.8955362129300001, -0.44496153163999996], [0.9992523511700001, 0.021362279887999963, 0.032207682615999995]], "segmentation_id": 13845, "occlusion_rate": 0.9847195159470824, "t": [0.316793, 0.274666, 0.0493968]}, {"R": [[-0.3105494931970001, 0.876402463104, 0.36807503711999995], [0.23704002470399999, -0.30358726380299994, 0.9228479278600001], [0.9205284009600001, 0.3738381921800001, -0.11346350560499996]], "segmentation_id": 12922, "occlusion_rate": 0.9214785423410253, "t": [0.171556, 0.17898, 0.0481528]}, {"R": [[0.0034309469340000343, 0.48831935339999993, -0.8726590705599999], [-0.5085314231999999, -0.7505484251839999, -0.42198846998999995], [-0.8610374184399998, 0.44522206401, 0.24575046998399996]], "segmentation_id": 11999, "occlusion_rate": 0.9998999399639784, "t": [0.0815252, -0.26143, 0.0486901]}, {"R": [[0.2652539023536401, -0.6064849535876, -0.7495446865684], [-0.4766277614204, 0.59328504044764, -0.6487215940828001], [0.8381331714796, 0.5293295104732, -0.1316963363676399]], "segmentation_id": 11076, "occlusion_rate": 1.0, "t": [-0.365148, 0.0371872, 0.0493782]}, {"R": [[0.18547330219200003, -0.459728299756, -0.8684749898399999], [0.691986449744, 0.6886077850080001, -0.21673332737999995], [0.69767734014, -0.56077488552, 0.4458442780000001]], "segmentation_id": 10153, "occlusion_rate": 1.0, "t": [-0.366456, -0.114226, 0.0506658]}, {"R": [[0.12147851685299998, -0.962961729084, 0.24072020219599993], [0.002773369684000049, -0.242186032629, -0.970225113828], [0.992589449796, 0.11852920062799993, -0.02674977074099988]], "segmentation_id": 9230, "occlusion_rate": 0.9848008916810214, "t": [-0.0827911, -0.245767, 0.048056]}, {"R": [[0.22878177926100007, 0.760806047484, -0.607317810548], [-0.44969018715600007, -0.4707161272930001, -0.759082953636], [-0.8633883833320001, 0.44676879147600007, 0.23443552185899993]], "segmentation_id": 8307, "occlusion_rate": 0.774090682610862, "t": [0.234118, -0.146473, 0.0481566]}, {"R": [[-0.04209731118199994, 0.6871866273560001, 0.7252596687880001], [0.012013820332000102, -0.725502529348, 0.6881140745740001], [0.999040898116, 0.037680906158000016, 0.022285977627999942]], "segmentation_id": 7384, "occlusion_rate": 0.9857873791927232, "t": [0.366902, -0.041412, 0.0492302]}, {"R": [[-0.16426781483200004, 0.8833635968560001, -0.438956513378], [-0.04794165408799994, 0.437325967442, 0.8980231488560001], [0.985249035874, 0.16856077191200003, -0.029488698832000115]], "segmentation_id": 6461, "occlusion_rate": 0.9450377192123053, "t": [0.376048, -0.187765, 0.0496417]}, {"R": [[-0.5082533102810001, -0.722291265526, 0.469014623878], [0.005383525765999986, -0.547255055063, -0.836949066214], [0.8611912722020001, -0.422857008374, 0.282032551721]], "segmentation_id": 5538, "occlusion_rate": 0.9674695026587425, "t": [0.0561025, 0.0875071, 0.0488043]}, {"R": [[-0.1440471406155899, -0.7265746422472, -0.6718182743663998], [0.5704207628728001, 0.49379266548758993, -0.656345214078], [0.8086226918735999, -0.47776372403399997, 0.34332382590359]], "segmentation_id": 4615, "occlusion_rate": 0.9989376394348242, "t": [0.0384359, -0.165278, 0.0494827]}, {"R": [[0.9342348351080402, -0.056585894549200016, 0.3521420938212], [-0.26319571982120005, -0.7756908845540401, 0.5736134669964], [0.2406948914508, -0.6285717405276, -0.7395703354459601]], "segmentation_id": 3692, "occlusion_rate": 1.0, "t": [-0.382371, -0.269656, 0.065081]}, {"R": [[-0.68514093681459, -0.44456291599799996, 0.5770141764004], [-0.12674138989799993, -0.7073140941845899, -0.6954444921066], [0.7172992165995999, -0.5496091658934, 0.42826539432741]], "segmentation_id": 2769, "occlusion_rate": 0.9078506759270742, "t": [-0.277444, 0.233501, 0.0500376]}, {"R": [[-0.19415584278884018, -0.1864606077744, -0.9630863597112], [-0.2595991740816, -0.9370010650588401, 0.23374485811920004], [-0.9459974436167999, 0.2953994441928, 0.1335192527071602]], "segmentation_id": 1846, "occlusion_rate": 0.8341498264952031, "t": [0.0554361, 0.270249, 0.04712]}, {"R": [[-0.18320812599683994, -0.19241766528479998, -0.9640585640768], [-0.2497633089072, -0.9393686270028401, 0.2349543837456], [-0.9508163662911999, 0.2838321951504, 0.12404117422715993]], "segmentation_id": 923, "occlusion_rate": 0.9553914626744892, "t": [-0.154916, 0.270011, 0.0470559]}]