[{"R": [[-0.5799661996288402, 0.814637627260152, -0.0020192010452800007], [0.814582545539848, 0.5799528929791599, 0.0104523710112], [0.00968593943472, 0.0044172174368, -0.9999430005756399]], "segmentation_id": 65535, "occlusion_rate": 0.30879999999999996, "t": [0.221124, 0.048886, 0.303349]}, {"R": [[0.4397407848099999, 0.553013109188, 0.70767562694], [0.874394470388, -0.44354478446, -0.1967297233699999], [0.20509169182000003, 0.7052976499099999, -0.6785962516119999]], "segmentation_id": 64625, "occlusion_rate": 0.8264914524944761, "t": [0.0737179, 0.301325, 0.162363]}, {"R": [[0.40812688708800005, 0.908062520746, -0.09410544830400008], [0.10513432495399999, -0.14914570814400002, -0.983210691768], [-0.9068517798960001, 0.3913808236320001, -0.15633884079400004]], "segmentation_id": 63715, "occlusion_rate": 0.8227134485572287, "t": [0.305606, 0.107673, 0.237462]}, {"R": [[0.04038679155024015, 0.42393955553999996, 0.9047903657299999], [-0.55123985706, 0.76470966744776, -0.3336992509752], [-0.8333696494699999, -0.4852791190248, 0.2645763586977601]], "segmentation_id": 62804, "occlusion_rate": 0.15200529701097243, "t": [-0.190758, 0.210752, 0.208615]}, {"R": [[-0.80939320618956, 0.5799973430852, 0.09212805560759998], [-0.46101427543879997, -0.5303371506104401, -0.7114845067644], [-0.36379985494440004, -0.6183425001876, 0.69663769410356]], "segmentation_id": 61894, "occlusion_rate": 1.0, "t": [-0.420849, -0.140427, 0.223167]}, {"R": [[-0.05518419675900005, 0.5604331868999999, 0.82636006942], [-0.0870346629, -0.8271709533909999, 0.5551709630399999], [0.9946764744199998, -0.041285273040000015, 0.09442380180900006]], "segmentation_id": 60984, "occlusion_rate": 0.07425458715596334, "t": [0.14231, -0.0791145, 0.252685]}, {"R": [[-0.19141465580599998, -0.7322553281680001, -0.6535775107120001], [0.37876854215200007, -0.6694187174560001, 0.6390727429580001], [-0.905480987992, -0.125226649262, 0.405491634064]], "segmentation_id": 60074, "occlusion_rate": 0.2603842159916926, "t": [0.27288, -0.184177, 0.212033]}, {"R": [[-0.46651727161599993, -0.5445261909679999, -0.697030377664], [0.8109899690319999, -0.577884546496, -0.09134115065600001], [-0.3530657023360001, -0.607897329344, 0.711198939512]], "segmentation_id": 59164, "occlusion_rate": 0.9853722071936679, "t": [0.243151, 0.3205, 0.221681]}, {"R": [[-0.78862630233279, 0.35601224614359994, 0.501321603639], [-0.3021389173964, 0.48572802158079015, -0.8202316002546], [-0.535518575097, -0.7983251743853998, -0.2754928058572101]], "segmentation_id": 58253, "occlusion_rate": 0.5229339260456658, "t": [-0.0687972, 0.289334, 0.152703]}, {"R": [[0.5988398628159499, 0.1105981531606, 0.79319609413552], [-0.22001305805659999, 0.9750314500162698, 0.030151323280400003], [-0.77005600414448, -0.19256919932439998, 0.6082203798660499]], "segmentation_id": 57343, "occlusion_rate": 0.12434700693671319, "t": [-0.0314916, -0.0854048, 0.22773]}, {"R": [[-0.016838784393000072, 0.1492386312700001, -0.9886574913299999], [-0.8554277958300001, 0.5097712484249999, 0.09151999391800003], [0.5176476507699999, 0.847266459918, 0.119078984025]], "segmentation_id": 56433, "occlusion_rate": 0.8967274152459338, "t": [0.35387, -0.298487, 0.150861]}, {"R": [[-0.9999053654332317, -0.00888808835438, -0.01062669480842], [-0.01359487852342, 0.48194542439140003, 0.8760972844184817], [-0.00266533958062, 0.8761576766615181, -0.48202000598659994]], "segmentation_id": 55523, "occlusion_rate": 1.0, "t": [0.415684, 0.160995, 0.203984]}, {"R": [[-0.91657238996, 0.3991620346, -0.023758364779999985], [0.049813711083999984, 0.05502790132000002, -0.997241324888], [-0.39675355568799997, -0.9152274777399999, -0.07032080658400008]], "segmentation_id": 54613, "occlusion_rate": 0.6618661607450845, "t": [-0.260862, -0.012518, 0.251729]}, {"R": [[-0.10350274201900006, 0.77266789905, 0.6263160344700001], [0.09468734114999999, -0.619183681869, 0.77951661329], [0.99011199603, 0.13998628771000005, -0.009074658818999992]], "segmentation_id": 53702, "occlusion_rate": 0.23149792776791, "t": [-0.217243, -0.127414, 0.195355]}, {"R": [[0.6398078589489999, -0.645221525068, 0.417536470736], [0.09464687454799997, 0.605303939611, 0.790348484536], [-0.762685708496, -0.466152272824, 0.44834605582700005]], "segmentation_id": 52792, "occlusion_rate": 0.24214182834872489, "t": [0.136614, -0.205047, 0.216439]}, {"R": [[-0.58650242957579, 0.0622782418908, 0.807550146258], [0.4016481160692, -0.84344936267379, 0.3567532501546], [0.70334529855, 0.5335873979254, 0.46967094631820994]], "segmentation_id": 51882, "occlusion_rate": 1.0, "t": [-0.378032, -0.299238, 0.149413]}, {"R": [[0.378228649452, -0.43627324845999993, 0.816460528986], [-0.8350001716199998, 0.21998067560999993, 0.50436323194], [-0.3996459134139999, -0.8725097185799999, -0.281085376452]], "segmentation_id": 50972, "occlusion_rate": 0.3738412957115208, "t": [-0.218721, 0.109062, 0.168034]}, {"R": [[-0.2735761021009999, 0.7351598234, -0.620238763532], [-0.9588361365679999, -0.15743353427499984, 0.23632164282399998], [0.07608779758000006, 0.65935930244, 0.7479678674349999]], "segmentation_id": 50061, "occlusion_rate": 0.9369369369369369, "t": [-0.181507, 0.305076, 0.14691]}, {"R": [[0.17778454949300007, -0.26304852481599994, 0.948260238464], [-0.626879647856, 0.712517057389, 0.315183600988], [-0.758560421696, -0.650480029532, -0.03822525493099997]], "segmentation_id": 49151, "occlusion_rate": 0.21101642800667664, "t": [0.150412, 0.106455, 0.194569]}, {"R": [[-0.4077038672769999, 0.352417678326, -0.842365746702], [-0.0031028292180000083, -0.923048899933, -0.384671048286], [-0.9131093273340001, -0.15421810186199997, 0.377423963203]], "segmentation_id": 48241, "occlusion_rate": 0.9541552511415525, "t": [-0.317951, 0.127834, 0.127872]}, {"R": [[-0.08083914146114884, 0.36915390234461, 0.925846118180532], [-0.37120635643939004, -0.8732146508188512, 0.315757216057992], [0.925025123499468, -0.31815432566200796, 0.20762213493685117]], "segmentation_id": 47331, "occlusion_rate": 0.4047889539456436, "t": [0.0158088, -0.153601, 0.156191]}, {"R": [[0.630679403939, -0.188840330664, 0.7527181623720001], [-0.620819904264, -0.7047629269070002, 0.343356485784], [0.465647880828, -0.683849661384, -0.561714789469]], "segmentation_id": 46421, "occlusion_rate": 0.9126777251184834, "t": [0.222585, -0.142042, 0.131596]}, {"R": [[0.45313223706500005, -0.811729714484, -0.36846529394000005], [0.3958685993800001, -0.187112944015, 0.8990425043840001], [-0.7987238911160001, -0.5532488077600001, 0.23655132414500005]], "segmentation_id": 45510, "occlusion_rate": 0.3977611173872856, "t": [-0.0893708, -0.266731, 0.156356]}, {"R": [[0.49989232134200007, 0.865887037756, 0.018596888179999993], [-0.32424623675599995, 0.16719620829200005, 0.93107912941], [0.8031006066199999, -0.47146962269, 0.36434098022000005]], "segmentation_id": 44600, "occlusion_rate": 1.0, "t": [-0.329896, -0.0551238, 0.164661]}, {"R": [[-0.011641001436000026, 0.957378467946, -0.28859819537200004], [0.08733053655400003, 0.2884883230920001, 0.953491388004], [0.9961103486280001, -0.014103855004000021, -0.08696675688600006]], "segmentation_id": 43690, "occlusion_rate": 0.11822903784318572, "t": [-0.0240687, 0.0465434, 0.18088]}, {"R": [[-0.38498253622225, -0.629928648081, -0.674520633288], [-0.698115398391, 0.67680204113175, -0.23360998961900004], [0.6036746449320001, 0.380957523941, -0.7003199466097499]], "segmentation_id": 42780, "occlusion_rate": 0.6657057749591622, "t": [0.251535, -0.0265915, 0.196584]}, {"R": [[-0.6055791445119999, 0.6984277688480001, -0.38140685465600005], [-0.43104852358400003, 0.11499250508800002, 0.894970687472], [0.668931765872, 0.7063809261439999, 0.23141935340800004]], "segmentation_id": 41870, "occlusion_rate": 1.0, "t": [0.408454, -0.0580698, 0.171031]}, {"R": [[0.7248377451480001, 0.37994081367, 0.57467858818], [0.028788374470000017, -0.8501494998600001, 0.525754044948], [0.68831804502, -0.36454226694800007, -0.6271582439100001]], "segmentation_id": 40959, "occlusion_rate": 0.4847987751531059, "t": [0.138981, 0.00245238, 0.154049]}, {"R": [[0.7895930946959999, 0.5922982896719999, -0.16039068458], [0.12609190038000004, 0.09919294196000002, 0.98704674852], [0.6005358176719999, -0.7995893865959999, 0.0036380456399999796]], "segmentation_id": 40049, "occlusion_rate": 0.18642919368889754, "t": [-0.115622, -0.0162957, 0.141589]}, {"R": [[0.9738270930239501, -0.1400106011466, -0.1790481172848], [0.2253413870922, 0.6976852765516299, 0.68004185017584], [0.029706160977599982, -0.7025899873281599, 0.71097486421837]], "segmentation_id": 39139, "occlusion_rate": 0.46832988624612204, "t": [-0.212228, -0.00938939, 0.126417]}, {"R": [[-0.2961848624119999, 0.670829653022, -0.679898678084], [-0.28779273020599994, -0.741436110292, -0.606174848828], [-0.9107414453480001, 0.01613008175600006, 0.41266202726199985]], "segmentation_id": 38229, "occlusion_rate": 0.3718932748538012, "t": [-0.199436, -0.203947, 0.131185]}, {"R": [[0.4447696665939999, -0.010354649220000012, -0.8955859499400002], [-0.27020427678000003, 0.9517928750440002, -0.14519449245], [0.8539151370600001, 0.30656903475, 0.420530420356]], "segmentation_id": 37319, "occlusion_rate": 0.17509546428238798, "t": [0.0768023, 0.162147, 0.137647]}, {"R": [[0.014416099590090166, 0.3521228310354, 0.9358425340646], [-0.14842863668460002, 0.9263239472479101, -0.34625488472399996], [-0.9888178176554, -0.13391421599999997, 0.06561910444791014]], "segmentation_id": 36408, "occlusion_rate": 0.9577858540676545, "t": [-0.321078, 0.290798, 0.137962]}, {"R": [[-0.9979356839146873, 0.023936254535500003, 0.059595371960999996], [-0.0436170244885, 0.42850894907886744, -0.90248424784299], [-0.047139238592999996, -0.9032205257570101, -0.4265803041711325]], "segmentation_id": 35498, "occlusion_rate": 1.0, "t": [-0.399285, 0.0207846, 0.131314]}, {"R": [[0.9324825673553601, 0.10119354968959998, 0.346749186752], [0.2706707703104, 0.4399191505553601, -0.8562752749599999], [-0.239191277248, 0.8923171397599999, 0.3828270189166401]], "segmentation_id": 34588, "occlusion_rate": 0.8244921536536055, "t": [0.320701, 0.270931, 0.135334]}, {"R": [[0.132063613696, 0.07008211884800009, -0.9887611817539999], [-0.963065504072, 0.24521208746599987, -0.111251260736], [0.23465935479399985, 0.966933557576, 0.09987721676800002]], "segmentation_id": 33678, "occlusion_rate": 0.8089074155331286, "t": [0.0444671, -0.0524839, 0.12509]}, {"R": [[0.23573427148689, -0.4800484583336, -0.8449747898723999], [0.6411247485784, 0.73024656472911, -0.23600545774079992], [0.7303341527196, -0.48609978088319994, 0.47991519356911005]], "segmentation_id": 32768, "occlusion_rate": 0.8299635072492356, "t": [0.168578, -0.301606, 0.136262]}, {"R": [[-0.6017788207879999, -0.17712568164799997, -0.7787744752160001], [0.5477737150240001, 0.6180724358920001, -0.563854024208], [0.581211792272, -0.765907237456, -0.27491797982800004]], "segmentation_id": 31857, "occlusion_rate": 0.830834114339269, "t": [0.275784, 0.127857, 0.124532]}, {"R": [[-0.03698399719800008, -0.3180616722839999, -0.947347217012], [0.8508514257719999, 0.487163745668, -0.19677685121399996], [0.524100971396, -0.8133302223179999, 0.2526062434919999]], "segmentation_id": 30947, "occlusion_rate": 1.0, "t": [-0.368734, -0.18981, 0.112991]}, {"R": [[0.44854612028, 0.804434969542, 0.389473829], [-0.41718929235799995, 0.5738309457200002, -0.70474835636], [-0.79041671164, 0.15362789860000003, 0.592991565242]], "segmentation_id": 30037, "occlusion_rate": 0.6025108301653258, "t": [0.0252985, -0.26992, 0.149305]}, {"R": [[-0.530721338302, -0.499599869536, 0.684642744896], [-0.072635542336, -0.778010910256, -0.6240384268779999], [0.8444286800959999, -0.38091974297799996, 0.3766181227039999]], "segmentation_id": 29127, "occlusion_rate": 0.20756227758007118, "t": [0.197805, 0.231957, 0.145603]}, {"R": [[0.4447912983509999, 0.20698450678400002, 0.8713895087280001], [0.590648241056, 0.663588634353, -0.45911473593599994], [-0.6732732857520001, 0.718894358976, 0.1729032804309999]], "segmentation_id": 28216, "occlusion_rate": 0.9838590665928796, "t": [0.365965, -0.191463, 0.135234]}, {"R": [[-0.658922866041, 0.607772368216, 0.44320859614800007], [0.471191268824, 0.792783016647, -0.386619103716], [-0.5863445228280001, -0.04591613667600003, -0.808759706959]], "segmentation_id": 27306, "occlusion_rate": 0.5982507950931395, "t": [0.0774025, 0.0447566, 0.0840299]}, {"R": [[0.2132095909569999, -0.917886528168, 0.334701522264], [0.11630793933599998, 0.36398820973299995, 0.924112635828], [-0.9700583749680001, -0.15810130251599996, 0.1843633493169999]], "segmentation_id": 26396, "occlusion_rate": 0.9137640698395817, "t": [0.306559, 0.00645028, 0.11977]}, {"R": [[-0.9525865658814401, -0.2467557349672, -0.1780229799236], [0.17440562816080002, 0.03662322963544007, -0.9839934733192001], [0.24932559232040002, -0.9683863309288, 0.008148785321439977]], "segmentation_id": 25486, "occlusion_rate": 0.9749759384023099, "t": [0.11877, -0.153509, 0.0938892]}, {"R": [[-0.19493009650800008, -0.8823775207139999, -0.4282643860359999], [-0.28674250026599996, 0.468832524244, -0.835447795308], [0.9379654641559999, -0.04005235426799997, -0.344405012886]], "segmentation_id": 24576, "occlusion_rate": 0.5164618703686333, "t": [-0.0848471, 0.123348, 0.103763]}, {"R": [[-0.84929040931671, -0.27442477650080005, -0.4509935070624], [-0.46945525498720003, 0.0018131646672899793, 0.8829534397272001], [-0.2414867800416, 0.9616059771048, -0.13037016755671005]], "segmentation_id": 23665, "occlusion_rate": 0.9959490051233171, "t": [-0.291635, 0.0150621, 0.0625563]}, {"R": [[0.15626189236460994, -0.7007328587402, 0.6961008025463999], [0.6567587717237999, 0.6001035551553899, 0.4566664915264], [-0.7377335443016, 0.3858106133856, 0.55398558992139]], "segmentation_id": 22755, "occlusion_rate": 0.8203524729960204, "t": [-0.133038, -0.111084, 0.0622342]}, {"R": [[0.19258688321376002, -0.6221548488384001, 0.7588379913380001], [-0.3596511774016, 0.6747492814557601, 0.6444888659904], [-0.9129965956260002, -0.39703678904960005, -0.09381079433376004]], "segmentation_id": 21845, "occlusion_rate": 0.9669519991331672, "t": [-0.0176477, -0.152951, 0.0519793]}, {"R": [[-0.03522023232256005, -0.511915032086, 0.8583131495152], [0.34391201330599996, 0.80018240486656, 0.49135686981759996], [-0.9383405510848001, 0.31249007398240003, 0.14787119842455992]], "segmentation_id": 20935, "occlusion_rate": 0.9837324441750025, "t": [0.197166, -0.242657, 0.0471887]}, {"R": [[-0.85417206178751, -0.3940488520306, -0.339287497801], [0.4978718144894, -0.43147704763049, -0.7522975666544], [0.150047193535, -0.8115130773256, 0.56474133913751]], "segmentation_id": 20025, "occlusion_rate": 0.5900819558271982, "t": [0.0228172, 0.26311, 0.0604027]}, {"R": [[0.63273419950224, -0.4895990349928, 0.5999507146908001], [0.3741768814552, -0.48500506108824015, -0.7904191258104], [0.6779673565212001, 0.7246126675656, -0.12368260928176003]], "segmentation_id": 19114, "occlusion_rate": 0.9756010046645138, "t": [0.253221, 0.243672, 0.0509183]}, {"R": [[-0.4963675319730001, -0.826114710906, -0.266743403282], [0.07130812679800003, -0.3450299761170001, 0.935878064814], [-0.865177848666, 0.445518894742, 0.23017056756300008]], "segmentation_id": 18204, "occlusion_rate": 0.8828116876364771, "t": [0.148285, 0.228815, 0.0478137]}, {"R": [[-0.321971203272, 0.619678609554, -0.715773818896], [-0.186028859774, 0.699885496776, 0.6896033275919999], [0.9282925197840001, 0.355187143568, -0.110064914706]], "segmentation_id": 17294, "occlusion_rate": 0.8888040157136622, "t": [-0.19546, 0.0746434, 0.0479899]}, {"R": [[0.12496261335323994, 0.7051046896448, 0.6980055850079999], [-0.6748495065151999, -0.4553058841712399, 0.5807536226256], [0.7272981256799999, -0.5436211946544001, 0.41894332301924003]], "segmentation_id": 16384, "occlusion_rate": 1.0, "t": [0.19156, -0.072696, 0.049682]}, {"R": [[0.15213933501500004, -0.9125924438399999, 0.37950938718000005], [0.02067601166400007, -0.380956538585, -0.924361043652], [0.988142118348, 0.14847850998000006, -0.03908972743899991]], "segmentation_id": 15474, "occlusion_rate": 0.9985959281917561, "t": [-0.254528, -0.140449, 0.0481332]}, {"R": [[-0.20515764694730987, -0.2205014187862, -0.9535668824208001], [-0.2535683128298, -0.9290501516273101, 0.2693868250812], [-0.9453114754752001, 0.2970610629348, 0.13468954770268993]], "segmentation_id": 14563, "occlusion_rate": 1.0, "t": [-0.34504, 0.269092, 0.0471116]}, {"R": [[0.3682628704599999, 0.8767587115300002, -0.309320042044], [-0.33789481879400013, -0.18373583342000002, -0.9230766508600001], [-0.86614768838, 0.44445199255600004, 0.22858888127000013]], "segmentation_id": 13653, "occlusion_rate": 1.0, "t": [-0.369883, -0.0648868, 0.0477983]}, {"R": [[-0.92960422720979, -0.1418559043066, -0.3401665576736], [0.09626622961339999, 0.79746665912179, -0.59563423711], [0.35576564980639996, -0.5864505382340001, -0.7276722974082102]], "segmentation_id": 12743, "occlusion_rate": 1.0, "t": [0.359486, 0.125772, 0.0671792]}, {"R": [[-0.23989306025899998, -0.01470786962200002, -0.970688162582], [-0.399924598498, -0.909603153101, 0.11261851602199999], [-0.8845971659019999, 0.41521836809799995, 0.21232539094099995]], "segmentation_id": 11833, "occlusion_rate": 0.9775551102204408, "t": [-0.127122, -0.270221, 0.0477584]}, {"R": [[0.16574696471599998, 0.936406248106, -0.30930677982800003], [-0.14451118167400007, -0.28719656610800004, -0.9469076262440002], [-0.9755223543880001, 0.201645413476, 0.08771924056600006]], "segmentation_id": 10923, "occlusion_rate": 0.9995957554320364, "t": [0.20081, 0.0630649, 0.0478326]}, {"R": [[-0.060591276804000005, 0.66418157016, 0.7451117705599999], [0.11222141335999997, -0.7372176807959999, 0.6662705584799999], [0.99183419136, 0.12398767911999997, -0.02986643379600007]], "segmentation_id": 10012, "occlusion_rate": 0.9857965451055662, "t": [0.368265, -0.0143563, 0.0480338]}, {"R": [[0.23883048432200005, 0.5678377870519999, 0.787731069484], [0.13917189928399995, 0.7828160788520001, -0.6064900325779999], [-0.9610365095479999, 0.25447833849400003, 0.10793328045200011]], "segmentation_id": 9102, "occlusion_rate": 0.9024778584933825, "t": [0.353904, -0.136059, 0.0472208]}, {"R": [[0.023603066909999977, -0.61237683432, 0.79021275968], [-0.05897888371200005, 0.7882032811840001, 0.61258124061], [-0.9979795008160001, -0.061064702238000035, -0.017513298720000077]], "segmentation_id": 8192, "occlusion_rate": 0.9702676965400486, "t": [0.0102006, 0.130092, 0.0508798]}, {"R": [[-0.08762944161559005, 0.47774705787379995, 0.8741160966164], [0.38312301003019994, -0.79383358518559, 0.4722765280274], [0.9195313811156, 0.3762792957806, -0.11347269019159001]], "segmentation_id": 7282, "occlusion_rate": 0.9385337962017561, "t": [0.0476413, -0.279364, 0.0481699]}, {"R": [[-0.03211334558100008, -0.09597454602400002, 0.994865437008], [-0.478541359464, 0.875349679653, 0.06899799863599998], [-0.8774773606880001, -0.473868592596, -0.07403821062900008]], "segmentation_id": 6371, "occlusion_rate": 0.9234928900460645, "t": [0.336603, -0.276075, 0.0535816]}, {"R": [[-0.16134300559164, -0.10706354281519999, -0.9810746871528001], [-0.2670965828808, -0.9522620764316401, 0.1478447247248], [-0.9500681867032, 0.28589516437920004, 0.12504441220836]], "segmentation_id": 5461, "occlusion_rate": 0.9932986597319464, "t": [-0.319228, -0.267754, 0.0470591]}, {"R": [[-0.93804640256076, 0.05426344760479998, -0.34223585074560003], [0.2502015228048, 0.7893645619287599, -0.560627986276], [0.2397271308544, -0.611522705436, -0.75403702568724]], "segmentation_id": 4551, "occlusion_rate": 0.95919455927457, "t": [-0.222464, 0.215253, 0.0659282]}, {"R": [[0.3407435426950001, -0.9248406443660001, -0.16900697166200007], [-0.16429714698999998, 0.11842187373500006, -0.9792764896300001], [0.9256889442100001, 0.361449551362, -0.11159720524099996]], "segmentation_id": 3641, "occlusion_rate": 0.835162447028143, "t": [-0.0981903, 0.235511, 0.0479817]}, {"R": [[0.09700643186800001, -0.6710999800299999, -0.7349923570760001], [-0.18589246636999998, 0.7132634959399999, -0.6757946228599999], [0.977769369076, 0.20218604833999995, -0.055561306081999995]], "segmentation_id": 2731, "occlusion_rate": 1.0, "t": [-0.368573, 0.145979, 0.0484226]}, {"R": [[-0.687140633213, 0.616803074486, -0.38391676010599995], [-0.18976096851399996, 0.3577164294910001, 0.914346811718], [0.701305130606, 0.7011371367820001, -0.12875632182100005]], "segmentation_id": 1820, "occlusion_rate": 0.998755832037325, "t": [0.384263, 0.250816, 0.0506137]}, {"R": [[-0.40484671757900004, -0.616054948846, -0.675702852658], [-0.136244854214, -0.690079193947, 0.7107931876460001], [-0.9041766336220001, 0.37982353258600005, 0.19544208637899996]], "segmentation_id": 910, "occlusion_rate": 0.9192578772802653, "t": [-0.0228212, -0.0157226, 0.0474741]}]