[{"R": [[-0.006231940176000067, -0.4195218034559999, -0.907724563772], [-0.966550337244, -0.2302257786079999, 0.11303893473600002], [-0.25640373012799994, 0.878065380036, -0.40405393190399996]], "segmentation_id": 65535, "occlusion_rate": 0.1351686035435321, "t": [0.0911895, -0.154351, 0.215061]}, {"R": [[-0.9031020347982399, 0.11459681841559999, -0.4138537699912], [0.2917885813724, -0.5433268100142399, -0.7871823551656], [-0.31506633826479996, -0.8316635171223999, 0.45724135395175997]], "segmentation_id": 64695, "occlusion_rate": 1.0, "t": [-0.416251, -0.275753, 0.266799]}, {"R": [[-0.5358935229119999, 0.702304179848, -0.46860413987399996], [-0.28897347498399995, 0.368933072238, 0.8833943557679999], [0.7932939755819999, 0.6088186068239999, 0.00523842803199992]], "segmentation_id": 63855, "occlusion_rate": 1.0, "t": [0.421815, -0.0897213, 0.2452]}, {"R": [[0.9332630580139099, 0.2981235773364, -0.2003568023874], [-0.006857794892400015, 0.5724821366539099, 0.8198887881546], [0.3591287878686, -0.7637977395414, 0.53632077889609]], "segmentation_id": 63014, "occlusion_rate": 1.0, "t": [-0.428772, 0.07782, 0.271624]}, {"R": [[0.4964684945760001, 0.857238800304, 0.136604192962], [0.062092415776, -0.1920352307219999, 0.9794217857759999], [0.865831160322, -0.47776996745600003, -0.14856746750399996]], "segmentation_id": 62174, "occlusion_rate": 0.06234450460998098, "t": [0.0436296, 0.0332438, 0.276414]}, {"R": [[-0.4629405765589999, -0.37909690084799996, -0.801231170772], [-0.467882092128, 0.8722494097110001, -0.14236271210800003], [0.752842743948, 0.308976267212, -0.5811723460889999]], "segmentation_id": 61334, "occlusion_rate": 0.9038391886997464, "t": [-0.29632, 0.104396, 0.228778]}, {"R": [[-0.78518907306751, 0.5648314742949999, 0.2538591561286], [-0.49137797661699995, -0.3188058589664899, -0.8105007429691999], [-0.37686436499139997, -0.7611367655707999, 0.5278683741855099]], "segmentation_id": 60494, "occlusion_rate": 0.1592847600452163, "t": [-0.135141, 0.172654, 0.255432]}, {"R": [[0.33274347076300004, -0.7560175314219999, -0.563667119266], [0.09775358175400001, 0.6221595029870001, -0.7767645309819999], [0.937937826518, 0.20336270926600003, 0.2809227448270001]], "segmentation_id": 59654, "occlusion_rate": 1.0, "t": [-0.386131, 0.175472, 0.167782]}, {"R": [[-0.4154974427149999, 0.52622368511, -0.741923289062], [0.22386829741, 0.849734907563, 0.47731879368999997], [0.8816147225619999, 0.03223164010999999, -0.47086756191499984]], "segmentation_id": 58813, "occlusion_rate": 0.6713647903352884, "t": [-0.24805, 0.226816, 0.215781]}, {"R": [[-0.8357624790147501, 0.37963111421000006, -0.396709575215], [0.29225265179000004, -0.30409570456475, -0.9067035796], [-0.464851220785, -0.8737294838, 0.1432037811852499]], "segmentation_id": 57973, "occlusion_rate": 1.0, "t": [0.412157, 0.124121, 0.188841]}, {"R": [[-0.0359737922429999, 0.20778256107600004, 0.9775130298520001], [-0.529593213668, -0.833468219187, 0.157674302244], [0.847488256116, -0.512012270228, 0.14002328673300002]], "segmentation_id": 57133, "occlusion_rate": 1.0, "t": [-0.329927, 0.299588, 0.131944]}, {"R": [[0.30787547593900016, 0.502399991144, -0.8079644100279999], [0.09769296066399996, 0.828031830683, 0.5521040848159999], [0.946397550932, -0.24891179950400005, 0.2058497979490002]], "segmentation_id": 56293, "occlusion_rate": 0.15456362425049963, "t": [0.258914, 0.165333, 0.210324]}, {"R": [[-0.6970691258324399, 0.2851143676832, -0.657878753412], [0.1131957335968, -0.8622715916744399, -0.49363392420479996], [-0.7080122758440001, -0.4185660313151999, 0.5687891680775599]], "segmentation_id": 55453, "occlusion_rate": 0.2814474439977025, "t": [-0.0190668, 0.0872984, 0.207502]}, {"R": [[0.06970811132700003, 0.8523289665, -0.518340792964], [-0.48562513222000003, 0.48287303578500007, 0.72869947704], [0.8713840001640001, 0.20092294479999995, 0.4475722959270001]], "segmentation_id": 54613, "occlusion_rate": 0.8143298633702016, "t": [0.311277, -0.282311, 0.21336]}, {"R": [[-0.35788334883700007, -0.47781267904, -0.802256370884], [0.74035869824, 0.37836227067500006, -0.55561832432], [0.569024813884, -0.7928037387200001, 0.21834313661300003]], "segmentation_id": 53772, "occlusion_rate": 0.2304836080420214, "t": [0.125057, -0.029716, 0.221788]}, {"R": [[-0.9447463691199999, 0.30701728287999996, 0.11486283116800002], [-0.09608271328, -0.5943748791679999, 0.79842682768], [0.313402607168, 0.74327496592, 0.5910329219199999]], "segmentation_id": 52932, "occlusion_rate": 1.0, "t": [-0.418793, -0.151274, 0.213201]}, {"R": [[0.03339296881600001, -0.875125142724, -0.4827443920319998], [0.17072367614399997, 0.4809092774079998, -0.8599889226840001], [0.9847535680919999, -0.05369828030399998, 0.16546346622400004]], "segmentation_id": 52092, "occlusion_rate": 0.13900732040865582, "t": [-0.207345, -0.0519746, 0.200453]}, {"R": [[0.00028471744004003596, -0.4424922081624, 0.8967724687631999], [0.5229234843096, 0.7644565255139599, 0.3770378578296], [-0.8523797537328, 0.4688359653384, 0.23160718708996003]], "segmentation_id": 51252, "occlusion_rate": 0.8270385912943305, "t": [-0.304893, -0.19866, 0.227984]}, {"R": [[0.40385675022300005, -0.5286018877299999, -0.7466449699140001], [0.34653136371, -0.666948879105, 0.6596166675699999], [-0.8466490895140002, -0.52512682131, -0.08617471947299998]], "segmentation_id": 50412, "occlusion_rate": 1.0, "t": [-0.393432, -0.00194697, 0.178145]}, {"R": [[0.16524404371604, -0.2139642611172, 0.9627627372876002], [0.2803584859668, -0.9257197501960401, -0.2538512374836], [0.9455643355644001, 0.3118663598244, -0.09298305354796005]], "segmentation_id": 49571, "occlusion_rate": 0.2208241851038676, "t": [-0.0309703, -0.0713644, 0.206503]}, {"R": [[0.38231943330504004, 0.4184956711231999, 0.8238288407664], [-0.6375319583247999, -0.5258983975190399, 0.5630138651148], [0.6688688868095999, -0.7404680840172, 0.06574316329503993]], "segmentation_id": 48731, "occlusion_rate": 0.33704292527821944, "t": [0.276192, -0.0635094, 0.189657]}, {"R": [[-0.09888089928800015, 0.796820326332, 0.596068030344], [-0.532273235736, 0.46375690791199997, -0.7082456455080001], [-0.840776386308, -0.387303575256, 0.3782699701519999]], "segmentation_id": 47891, "occlusion_rate": 0.39176931156306694, "t": [-0.182963, 0.106946, 0.17413]}, {"R": [[-0.801986564996, 0.426045112078, -0.4186934649079999], [-0.246908907218, -0.874681014884, -0.417097373828], [-0.543925221532, -0.231127216468, 0.8066763097459999]], "segmentation_id": 47051, "occlusion_rate": 0.4701410312913178, "t": [0.000163439, 0.270638, 0.194392]}, {"R": [[-0.12039135439296, 0.725740014566, 0.6773526834576], [-0.775064204138, -0.4950617838470399, 0.39266858084160006], [0.6203069449823999, -0.4777180823184001, 0.6220964817250401]], "segmentation_id": 46211, "occlusion_rate": 0.9998969497114591, "t": [-0.331584, -0.112858, 0.170837]}, {"R": [[0.75122594233951, -0.5738533970672001, -0.3261147425122], [0.5733984609128001, 0.32267694626849003, 0.753055613101], [-0.32691398200780003, -0.7527089942830001, 0.5714502439815101]], "segmentation_id": 45370, "occlusion_rate": 1.0, "t": [0.394709, -0.0380845, 0.140748]}, {"R": [[-0.15489892866900004, -0.7060601823279999, -0.6910021594920001], [-0.859344628808, 0.441350078811, -0.258332267568], [0.487372316028, 0.553793978352, -0.675114137539]], "segmentation_id": 44530, "occlusion_rate": 0.33182063749324686, "t": [0.240341, 0.0271854, 0.168423]}, {"R": [[-0.9036949348799901, 0.26162888364439996, -0.3389447309054], [0.3281482654076, -0.08531626454398994, -0.9407643645502001], [-0.27504893978260003, -0.9613892036738, -0.008753198113990002]], "segmentation_id": 43690, "occlusion_rate": 0.757355750859763, "t": [-0.123156, -0.281971, 0.203156]}, {"R": [[-0.060243104897410193, -0.24572515456220007, 0.9674659775468], [0.34825489279780003, -0.91349836127059, -0.21033253334000002], [0.9354623450132, 0.324253594204, 0.14060692974059014]], "segmentation_id": 42850, "occlusion_rate": 0.7633587786259541, "t": [0.335402, -0.164352, 0.152287]}, {"R": [[0.5516641534511098, -0.8142201873488, -0.18086714063280002], [0.7578157648752, 0.39872291690889, 0.5164649806988], [-0.34840020458320003, -0.4219790235252, 0.8369897104511099]], "segmentation_id": 42010, "occlusion_rate": 0.7448898927159797, "t": [0.098503, 0.0692313, 0.160257]}, {"R": [[-0.483179107328, 0.017262552464000047, 0.875350157396], [0.6757280120440001, -0.628386359584, 0.38538316044800003], [0.556711368224, 0.777708512812, 0.29195867022399996]], "segmentation_id": 41169, "occlusion_rate": 0.7840909090909091, "t": [0.216998, 0.291179, 0.184348]}, {"R": [[0.49049335171599995, 0.774204370304, -0.40003011651199993], [0.15492866598399996, 0.37425835293199994, 0.9142909946560001], [0.857562598048, -0.510429728224, 0.06362477635600002]], "segmentation_id": 40329, "occlusion_rate": 0.36765607214779794, "t": [-0.0705532, 0.192818, 0.154933]}, {"R": [[-0.22616151966600004, 0.35620182517199994, -0.9066256894279999], [0.9732342153079999, 0.043640338956000085, -0.22563155128200002], [-0.04080494014799996, -0.9333888227980001, -0.356537762796]], "segmentation_id": 39489, "occlusion_rate": 0.4620260202379629, "t": [-0.134149, -0.115582, 0.138957]}, {"R": [[0.09001902462921008, 0.7980417447414, -0.5958410789005999], [0.8675372152826001, -0.35667404672079006, -0.3466459965816], [-0.48915886760339994, -0.48570941981439997, -0.72443813000079]], "segmentation_id": 38649, "occlusion_rate": 0.3115203332237203, "t": [-0.0494443, -0.217469, 0.150914]}, {"R": [[-0.1802049788730098, -0.08462353300596, -0.9799834341194141], [0.07489672062404, 0.9922208175100299, -0.0994526944683], [0.9807747726805861, -0.0913193016773, -0.17246489008499]], "segmentation_id": 37809, "occlusion_rate": 0.5794858108709189, "t": [-0.221858, -0.22543, 0.140886]}, {"R": [[-0.27174215169104016, 0.5589131939664, -0.7834367280048], [0.6389939832816001, 0.7135102509729602, 0.28738593088159997], [0.7196136147312, -0.4225163021104, -0.5510327414289601]], "segmentation_id": 36968, "occlusion_rate": 0.4879388788737231, "t": [0.154533, -0.225193, 0.163123]}, {"R": [[-0.46611227165901004, 0.7556290511758, 0.46017951543540003], [-0.7157366562522, -0.6278056066449901, 0.3059121742598], [0.5200591200086, -0.18677782652820002, 0.8334588498609901]], "segmentation_id": 36128, "occlusion_rate": 1.0, "t": [-0.0746953, 0.293144, 0.092571]}, {"R": [[-0.828183271647, -0.560321909778, -0.012286047086000007], [0.287599254606, -0.4060663653430001, -0.8674075723979999], [0.48103872846199996, -0.721906216434, 0.4974457531830001]], "segmentation_id": 35288, "occlusion_rate": 0.4286191909060515, "t": [0.0946094, 0.260861, 0.145145]}, {"R": [[0.8292992152850001, -0.416043120492, 0.37305709494], [0.505111794108, 0.8436466549650001, -0.18199741670000003], [-0.23900951789999997, 0.33936574094000005, 0.909783494517]], "segmentation_id": 34448, "occlusion_rate": 0.6523375834851245, "t": [0.044908, -0.283611, 0.140024]}, {"R": [[0.403329674095, -0.255206498948, 0.878746016036], [-0.19565284406, -0.9621640231609999, -0.18963148724800002], [0.8938931045799999, -0.09544516352000001, -0.4380012353349999]], "segmentation_id": 33608, "occlusion_rate": 0.6359213661636219, "t": [0.173889, -0.0869165, 0.127801]}, {"R": [[-0.855550163919, -0.517534387302, -0.013895960002000024], [0.22180328875799998, -0.34215225284899986, -0.9130915396020001], [0.46780149726200004, -0.784277384958, 0.4075190367689999]], "segmentation_id": 32768, "occlusion_rate": 1.0, "t": [-0.392712, -0.280246, 0.142956]}, {"R": [[-0.45287650471199997, -0.885164602654, 0.106697749392], [0.587246998062, -0.386196780168, -0.711330388984], [0.6708515087439999, -0.25948715812799994, 0.6947104288979999]], "segmentation_id": 31927, "occlusion_rate": 1.0, "t": [0.390314, 0.280802, 0.154406]}, {"R": [[0.34984094933199994, -0.9356025105979999, 0.047518681563999965], [0.339171942374, 0.17377981977200005, 0.9245332554919999], [-0.873253958732, -0.307322776844, 0.3781256499580001]], "segmentation_id": 31087, "occlusion_rate": 0.9798671030447288, "t": [0.025844, -0.059636, 0.114297]}, {"R": [[0.15788018008699992, -0.959241527326, 0.23436681175399998], [0.017197106254000005, 0.239978519641, 0.970624969342], [-0.987307636826, -0.14921214369799995, 0.054384077641000006]], "segmentation_id": 30247, "occlusion_rate": 0.8916836418386326, "t": [0.327786, 0.127675, 0.124158]}, {"R": [[-0.8835725429533101, 0.3419769265788, 0.3199243128306], [0.14827720150919999, -0.44371567191931005, 0.8838158727468], [0.4442000177454, 0.8283528276612, 0.34134756488669005]], "segmentation_id": 29407, "occlusion_rate": 0.9446957701877403, "t": [-0.284673, 0.12309, 0.0847279]}, {"R": [[0.07054413506200014, 0.13222720129999999, 0.9887063114599999], [0.94145763454, 0.3187503031399999, -0.10980184283800004], [-0.3296691150999999, 0.9385706630619999, -0.10200030913999994]], "segmentation_id": 28567, "occlusion_rate": 0.9098179133858267, "t": [0.143717, -0.287224, 0.062142]}, {"R": [[-0.07669040510600006, 0.937348997656, -0.339843481048], [-0.629216073256, 0.2189033210719999, 0.745765795966], [0.7734364021519999, 0.271028311934, 0.573007800304]], "segmentation_id": 27726, "occlusion_rate": 0.7810140237324703, "t": [0.281781, -0.273006, 0.11132]}, {"R": [[0.2161103542415009, 0.5116565915929799, 0.8315668210722], [-0.49410928008702, 0.7918923033504991, -0.35883440479583995], [-0.8421115513758, -0.33333713116415997, 0.423950495772499]], "segmentation_id": 26886, "occlusion_rate": 0.699075975359343, "t": [-0.0913361, 0.0365072, 0.117876]}, {"R": [[-0.278105743791, 0.685992342372, -0.672363624352], [-0.044297661251999965, -0.708392076439, -0.7044285095880001], [-0.9595290794720001, -0.16612138369200002, 0.22739563188899997]], "segmentation_id": 26046, "occlusion_rate": 0.9320084644401508, "t": [-0.179458, 0.22975, 0.127219]}, {"R": [[0.9470816022270001, 0.049739483717999994, 0.31711763036600005], [-0.320113866126, 0.07321381673300009, 0.9445464619380001], [0.023763847401999966, -0.996075745014, 0.0852617074530001]], "segmentation_id": 25206, "occlusion_rate": 0.9942253348077159, "t": [-0.276436, -0.145407, 0.0705676]}, {"R": [[0.24349896342799987, -0.690632486512, 0.6809823716960001], [0.28715745217599997, -0.619302673412, -0.730757664032], [0.9264182746720001, 0.37348752918399997, 0.04752065945200007]], "segmentation_id": 24366, "occlusion_rate": 0.280506975830222, "t": [0.184096, 0.14225, 0.136232]}, {"R": [[-0.22872258075199997, 0.6978189740000001, -0.678774297436], [0.3283962746200001, -0.60107887264, -0.7286013738400001], [-0.9164288047360001, -0.38955455930000005, -0.09168084564800005]], "segmentation_id": 23525, "occlusion_rate": 0.9946029298380878, "t": [0.143343, -0.0197825, 0.0519783]}, {"R": [[0.26003216747735997, -0.5242818540367999, 0.810870980208], [0.3725250812832, 0.8292173232806401, 0.41668169113239995], [-0.890846941304, 0.19371914060759998, 0.41093133108864005]], "segmentation_id": 22685, "occlusion_rate": 0.8085289066971952, "t": [-0.280145, 0.00752782, 0.132659]}, {"R": [[-0.9279222149993638, -0.27246487250027995, -0.25440437438466], [0.29311382885172, -0.11165102798663601, -0.9495349708290799], [0.23031060719934, -0.95566483180292, 0.18346684443936384]], "segmentation_id": 21845, "occlusion_rate": 0.9798867182984626, "t": [0.270708, 0.262624, 0.100608]}, {"R": [[0.2771228583047901, 0.7972213429456001, 0.5363204997609999], [-0.6067138119544, -0.2876351668967899, 0.7410553203742], [0.745050265751, -0.5307567878258, 0.40397519773879]], "segmentation_id": 21005, "occlusion_rate": 0.9775229878533318, "t": [0.0210582, 0.0292243, 0.0496909]}, {"R": [[0.5410744007070001, -0.450734357942, -0.709984015254], [0.8252190223660001, 0.44721922103700007, 0.34497652660200007], [0.16202570311800002, -0.7725501778860001, 0.6139333551970001]], "segmentation_id": 20165, "occlusion_rate": 0.7726644555002764, "t": [-0.0222886, -0.156629, 0.0618826]}, {"R": [[0.24803963503299997, -0.015125629075999958, 0.9686322240520001], [-0.761717895628, 0.6147384699530001, 0.204654078176], [-0.5985507644360001, -0.788586494672, 0.14095798483300004]], "segmentation_id": 19324, "occlusion_rate": 0.9154441492433869, "t": [-0.23928, -0.288692, 0.0627148]}, {"R": [[-0.9953204629476138, -0.06831956502296, -0.06832815473716], [0.07182377480023999, -0.05008820911156603, -0.996158441382898], [0.06463470482764, -0.9964049036411019, 0.054760812528433844]], "segmentation_id": 18484, "occlusion_rate": 1.0, "t": [-0.386664, 0.0716806, 0.0710018]}, {"R": [[-0.422664550188, 0.9059667608139998, -0.024067826627999944], [0.08973422167799999, 0.015408521268000075, -0.9958467256039999], [-0.9018330230359999, -0.42306874114799997, -0.08780884231800001]], "segmentation_id": 17644, "occlusion_rate": 0.9626178350850579, "t": [0.262974, -0.000896871, 0.0525463]}, {"R": [[-0.65392987789999, -0.3561836514872, 0.6674637775814001], [-0.21428182834880002, -0.75891535741999, -0.6149225573126], [0.7255742456906, -0.5451418713194001, 0.4199539585540101]], "segmentation_id": 16804, "occlusion_rate": 0.9879672551533681, "t": [0.364978, 0.0672293, 0.049726]}, {"R": [[0.501527317748, 0.8021346460499998, 0.32411252456399997], [-0.038245957409999976, 0.39482568446, -0.9179588743799999], [-0.8642951843639999, 0.4479857787, 0.228694437598]], "segmentation_id": 15964, "occlusion_rate": 0.9214776133836187, "t": [0.362269, 0.254521, 0.0479134]}, {"R": [[-0.0771060058269999, -0.10501647323399999, -0.9914773228860001], [-0.7054760656260001, 0.708447318221, -0.02017413484200009], [0.7045276873740001, 0.697907597922, -0.12871208206099993]], "segmentation_id": 15123, "occlusion_rate": 0.7875809158475185, "t": [-0.107883, -0.0483287, 0.0505804]}, {"R": [[-0.31328459816000004, -0.8786275422159999, -0.36037038472000005], [0.39995074411999987, 0.22210702551999995, -0.889217792816], [0.861331860784, -0.42270855543999997, 0.2818249710799999]], "segmentation_id": 14283, "occlusion_rate": 1.0, "t": [-0.157122, 0.161016, 0.0488082]}, {"R": [[-0.10776180281599987, -0.685590727648, 0.719967739028], [0.280913440268, 0.673676470576, 0.683555739712], [-0.953664422192, 0.2759097033079999, 0.1199950111040001]], "segmentation_id": 13443, "occlusion_rate": 0.9812192427437983, "t": [0.229858, 0.147784, 0.04709]}, {"R": [[-0.10314745677699996, 0.9706972028440001, -0.21704307051200017], [-0.005864212731999996, 0.2176097094070001, 0.976018328356], [0.9946488652160002, 0.10194658733199996, -0.016753511926999948]], "segmentation_id": 12603, "occlusion_rate": 1.0, "t": [-0.370298, 0.227105, 0.048375]}, {"R": [[-0.027302264842590032, -0.4759248400421999, 0.8790625741142], [0.30749870050579997, 0.8327514895785899, 0.46040241315059993], [-0.9511571961378, 0.2828805038854, 0.12361021397858997]], "segmentation_id": 11763, "occlusion_rate": 0.9862693246541904, "t": [-0.229831, 0.0195902, 0.0470495]}, {"R": [[-0.34827848629900005, 0.699922397852, -0.623546737328], [-0.14834897321199997, 0.6156562477490001, 0.773924910712], [0.925577916112, 0.3620439507279999, -0.11058706801900009]], "segmentation_id": 10923, "occlusion_rate": 0.7836772788551281, "t": [0.11095, 0.126701, 0.048061]}, {"R": [[0.30450214802223996, 0.717608044306, 0.626353768292], [-0.8195187628339999, -0.13776667573424006, 0.5562474690968], [0.485457872188, -0.6826865637032, 0.54614248738424]], "segmentation_id": 10082, "occlusion_rate": 0.994667343829355, "t": [-0.0374113, 0.117881, 0.0551127]}, {"R": [[0.04997484888496001, 0.5324422845671999, -0.8449910297364], [-0.4861770090407999, -0.7260727564909599, -0.4862636943191999], [-0.8724313970795999, 0.43511570660879995, 0.22257558604496003]], "segmentation_id": 9242, "occlusion_rate": 0.9374873147960219, "t": [0.355953, -0.0826554, 0.0478593]}, {"R": [[-0.15941179914000003, 0.30415051850999997, 0.93919152818], [0.74750879365, -0.5842318030679999, 0.31607624067599993], [0.6448401879, 0.7524400631239999, -0.13422171841800007]], "segmentation_id": 8402, "occlusion_rate": 0.9822613870450904, "t": [-0.069478, -0.285621, 0.0521563]}, {"R": [[-0.21580577662800013, 0.867499259006, -0.448187721396], [-0.04201980566599994, 0.450327482124, 0.8918737724520001], [0.975531411036, 0.21130434373200013, -0.06073114204600008]], "segmentation_id": 7562, "occlusion_rate": 0.932436627004656, "t": [0.110724, -0.159808, 0.0483881]}, {"R": [[0.14222478086191004, -0.5565745804916, -0.818533176554], [-0.39551418694840007, 0.72610068274991, -0.5624464770028], [0.9073810405180001, 0.40373536867720006, -0.11686364895791007]], "segmentation_id": 6722, "occlusion_rate": 0.9300587293112653, "t": [0.155277, 0.279718, 0.0484818]}, {"R": [[-0.15588401984276007, 0.604198066772, 0.7814391551608001], [0.36899587759600005, -0.6982186080667601, 0.6134615737096001], [0.9162666093592001, 0.3839762443304, -0.1141053421847601]], "segmentation_id": 5881, "occlusion_rate": 0.9009538598047915, "t": [0.0172924, 0.24372, 0.0482479]}, {"R": [[-0.5365957292949999, -0.842064974572, 0.054699558604], [0.27033486526000006, -0.23294953907899996, -0.934159522072], [0.79936507538, -0.48647870524, 0.3526391717049999]], "segmentation_id": 5041, "occlusion_rate": 1.0, "t": [-0.365085, -0.0700782, 0.0495474]}, {"R": [[-0.2112039296310001, -0.735919928722, 0.643283454462], [0.45635962831799987, 0.5077499067689999, 0.730701557398], [-0.864365451598, 0.44789589733800006, 0.22860550167899985]], "segmentation_id": 4201, "occlusion_rate": 0.984537110933759, "t": [-0.235296, 0.257298, 0.0479052]}, {"R": [[0.72711791142, -0.6865053265000001, -0.003109218449999951], [-0.08863440326, -0.0893848512180001, -0.992045351076], [0.68076660693, 0.7216096401240001, -0.1258413359320001]], "segmentation_id": 3361, "occlusion_rate": 0.7543794719960524, "t": [0.229198, -0.184539, 0.0508111]}, {"R": [[0.0012750188479999092, 0.995331207774, -0.09650820405600002], [-0.030809890013999974, -0.09642336646399999, -0.994863285768], [-0.9995242854959999, 0.004241877288000018, 0.0305431084340001]], "segmentation_id": 2521, "occlusion_rate": 1.0, "t": [-0.367568, -0.239978, 0.0495633]}, {"R": [[-0.24373108769999996, -0.7143300457139999, -0.6559927745479999], [-0.08528264378999995, -0.6579847890999999, 0.7481855822999999], [-0.9660852991, 0.23830102954799998, 0.099451454286]], "segmentation_id": 1680, "occlusion_rate": 0.8381995133819952, "t": [-0.160732, -0.183057, 0.0472826]}, {"R": [[0.4377719639679999, 0.855325342564, -0.2770827762880001], [-0.111621303392, 0.35750236547200004, 0.927218066204], [0.892130590876, -0.374981620928, 0.25197696675200004]], "segmentation_id": 840, "occlusion_rate": 0.9985134362492853, "t": [0.36905, -0.23703, 0.0493098]}]