[{"R": [[-0.77611684894896, 0.5381364939104, 0.32871254944320005], [-0.6009885222176, -0.47340142714704003, -0.6439752125664], [-0.19093355494080003, -0.6973524160416, 0.6908286147089601]], "segmentation_id": 65535, "occlusion_rate": 0.15859815859815862, "t": [-0.13554, -0.124314, 0.286561]}, {"R": [[0.678015337324, 0.23418084485000004, -0.69674592766], [0.5531875328500001, 0.461613270476, 0.6934674437], [0.48402387266, -0.8556125723, 0.18343492107399997]], "segmentation_id": 64705, "occlusion_rate": 0.09458987783595119, "t": [0.0426506, -0.0811786, 0.280303]}, {"R": [[-0.23905534430699993, 0.751211247496, -0.615249943308], [0.5336969772719999, 0.630982029717, 0.563051954416], [0.8111833131639999, -0.19375662196800003, -0.5517592705469999]], "segmentation_id": 63876, "occlusion_rate": 0.10311225260613388, "t": [0.235227, -0.0180393, 0.24516]}, {"R": [[0.06838689929499997, -0.08764498089999995, 0.9938020666279999], [-0.9487290636199999, -0.3138468805029999, 0.037606618400000014], [0.30860549922799985, -0.9454202511199999, -0.10461430554499995]], "segmentation_id": 63046, "occlusion_rate": 0.08535361979602074, "t": [0.0409969, 0.0902798, 0.271646]}, {"R": [[-0.74880926536425, -0.40121970548700003, 0.527547588176], [-0.287327909769, 0.9137828031257501, 0.28712834540700005], [-0.597265755028, 0.06342525047100003, -0.79953103831575]], "segmentation_id": 62217, "occlusion_rate": 0.9053146505264903, "t": [-0.29877, 0.027271, 0.242549]}, {"R": [[0.8471302588481101, 0.29642953429920005, 0.4410189435206], [0.4488130295568, 0.04519734063810993, -0.8924807660135999], [-0.2844908466874, 0.9539835346583999, -0.0947535041921101]], "segmentation_id": 61387, "occlusion_rate": 0.4242854438765853, "t": [-0.243325, -0.109679, 0.232856]}, {"R": [[-0.17264968453500001, 0.9451785699, 0.27718184709999993], [-0.18301530078000006, 0.24572450593699996, -0.9519060278160001], [-0.9678314445399999, -0.21507477098400002, 0.1305578675370001]], "segmentation_id": 60558, "occlusion_rate": 0.32932773109243696, "t": [0.119583, 0.234042, 0.231513]}, {"R": [[0.6717784644400001, -0.547428037296, 0.49903527471000003], [0.03924623136000005, 0.6990440856900001, 0.7140007467039999], [-0.739711697046, -0.46006507904, 0.4910872580400002]], "segmentation_id": 59728, "occlusion_rate": 0.5176405733186329, "t": [-0.124269, -0.249589, 0.214613]}, {"R": [[0.6283662496205099, -0.6966288649151999, 0.3462128478782], [-0.5319918286128, -0.060103385925489985, 0.8446132442843999], [-0.5675736126338, -0.7149091289795999, -0.40836795500450995]], "segmentation_id": 58899, "occlusion_rate": 0.973317433107252, "t": [0.345434, -0.158367, 0.258554]}, {"R": [[0.18697403552335995, 0.44154289866880003, 0.8775425591392001], [-0.3062533972672, -0.82257820016336, 0.47913915066880003], [0.9334076982368, -0.3583369052672, -0.018576749476639898]], "segmentation_id": 58069, "occlusion_rate": 0.07632421420256108, "t": [-0.14737, 0.134802, 0.251751]}, {"R": [[0.7888319808630001, -0.231450448554, -0.5693654078420001], [0.605332411978, 0.13221497211299998, 0.7849165840860001], [-0.106390548414, -0.9638215928420001, 0.24439959123299998]], "segmentation_id": 57239, "occlusion_rate": 0.16056538539760012, "t": [0.116014, -0.0347405, 0.206722]}, {"R": [[0.815752737033, 0.550496300874, 0.177487508026], [0.06497998978600006, -0.3921398925990001, 0.917607991638], [0.574739587734, -0.737007902342, -0.35566034208900005]], "segmentation_id": 56410, "occlusion_rate": 1.0, "t": [0.391112, -0.299895, 0.22832]}, {"R": [[-0.44156503359200006, 0.10640161750599997, 0.8908986241999999], [-0.809161863694, 0.381787475192, -0.4466505836], [-0.38765802087999995, -0.91810585516, -0.08248781285000001]], "segmentation_id": 55580, "occlusion_rate": 0.8620523681170582, "t": [0.190166, 0.311662, 0.188442]}, {"R": [[-0.017349972503999972, -0.9667249731159999, 0.2552269681679999], [0.156469735416, 0.24949506352799997, 0.955650791684], [-0.9875298480679999, 0.056515839383999955, 0.146934541704]], "segmentation_id": 54751, "occlusion_rate": 0.13596660740511712, "t": [-0.076222, -0.0437612, 0.240344]}, {"R": [[0.13732395605700004, 0.9516918398820001, -0.27463700923400003], [0.5873916880860001, -0.301493195017, -0.7510483153380001], [-0.7975674577780001, -0.058182549845999965, -0.600417900327]], "segmentation_id": 53921, "occlusion_rate": 0.5465095029239766, "t": [-0.184898, -0.0428848, 0.185693]}, {"R": [[-0.46446596878515994, 0.6469738593896001, 0.6047284517775999], [-0.6322070754584, -0.7204122056788399, 0.2851679837072], [0.6201498922544, -0.2498627432368, 0.7436282888388399]], "segmentation_id": 53092, "occlusion_rate": 0.888340364419711, "t": [0.312296, 0.305639, 0.158715]}, {"R": [[0.19251081784061014, -0.3465047194894, 0.9180821021800001], [-0.4154795377906, -0.87636604335139, -0.24363906438679997], [0.888997761892, -0.3345410578532, -0.31267545781338996]], "segmentation_id": 52262, "occlusion_rate": 0.6695206916813565, "t": [0.321761, 0.0917637, 0.202425]}, {"R": [[-0.8792321290549999, 0.46942721407, 0.08117518210600003], [-0.129042266006, -0.07065243438499996, -0.98911919573], [-0.45858413959, -0.880140205006, 0.12269581374499999]], "segmentation_id": 51433, "occlusion_rate": 0.15667364207078516, "t": [0.192335, -0.183847, 0.226017]}, {"R": [[0.4065364149499999, 0.5989255331000001, -0.68994025682], [0.16693792265200005, 0.693752294764, 0.70060023719], [0.8982544640360001, -0.39999646019799995, 0.18205207641999996]], "segmentation_id": 50603, "occlusion_rate": 0.22102607232968885, "t": [0.0502369, -0.195084, 0.212936]}, {"R": [[-0.59853388676951, 0.5753627690583999, -0.5574189600644], [0.7107446542215999, 0.060369864462489986, -0.70085557901], [-0.3695947098556, -0.8156679410859999, -0.44506919349751]], "segmentation_id": 49773, "occlusion_rate": 0.531378114159571, "t": [-0.164117, 0.0470775, 0.136183]}, {"R": [[-0.09808041719811, 0.449193596712, -0.8880348818504], [0.64358420772, -0.65199389702411, -0.40087895026380005], [-0.7590653504696001, -0.6108434151762, -0.22514600329610995]], "segmentation_id": 48944, "occlusion_rate": 0.8382400517631834, "t": [-0.274917, 0.238783, 0.228994]}, {"R": [[-0.06713219390278989, -0.3382710354302001, -0.9386509890183999], [0.37914986460980005, 0.8615507545847899, -0.337602401495], [0.9228967183616, -0.37855344129699997, 0.07041763539079014]], "segmentation_id": 48114, "occlusion_rate": 0.36412226490729915, "t": [0.173576, 0.106495, 0.19541]}, {"R": [[0.541450352064, -0.731119146788, 0.41508424531199994], [-0.15818960291200007, 0.39630398649599996, 0.9043880920680001], [-0.825715560612, -0.555343645632, 0.09892355369599992]], "segmentation_id": 47285, "occlusion_rate": 1.0, "t": [-0.401641, 0.00044568, 0.176384]}, {"R": [[-0.79521755264, -0.56521457743, -0.21945742588000003], [0.162848895046, -0.54774941536, 0.820640513072], [-0.584045646928, 0.61684932988, 0.5276245093540001]], "segmentation_id": 46455, "occlusion_rate": 0.6790203727785002, "t": [0.311113, -0.282488, 0.172342]}, {"R": [[0.25909656844800005, 0.46991597537600005, -0.843829378176], [-0.894973758144, 0.445312401024, -0.02681255108799996], [0.36316802670400006, 0.762152161152, 0.5359413613440001]], "segmentation_id": 45626, "occlusion_rate": 0.6926699426699428, "t": [0.294296, -0.0915539, 0.173696]}, {"R": [[-0.40425409872, -0.09282511216, -0.9099236689200001], [0.905829439872, 0.09716719269599988, -0.41234757616000006], [0.12669100429599994, -0.990929359872, 0.04480350672000005]], "segmentation_id": 44796, "occlusion_rate": 0.7735591081194784, "t": [0.00394966, -0.0856648, 0.154065]}, {"R": [[-0.27675404590099995, -0.922690593998, 0.268421585986], [-0.338368690778, 0.35501412322900006, 0.8714771846739999], [-0.899396858554, 0.15035930983399992, -0.410461022227]], "segmentation_id": 43967, "occlusion_rate": 0.7930190389845875, "t": [0.143757, -0.241831, 0.150406]}, {"R": [[0.559211569805, 0.4149302734899999, 0.71771501707], [0.8287268397499999, -0.25658147311699997, -0.49737041540599997], [-0.022221671050000003, 0.872925181894, -0.4873472904829999]], "segmentation_id": 43137, "occlusion_rate": 0.8662096187805132, "t": [-0.0662905, 0.307144, 0.194074]}, {"R": [[-0.477028753059, -0.878343150358, 0.03094129894200004], [-0.407481623918, 0.18983661494100007, -0.8932643902019999], [0.778718678298, -0.43872070255799994, -0.448466108221]], "segmentation_id": 42307, "occlusion_rate": 1.0, "t": [0.401625, -0.197281, 0.148318]}, {"R": [[-0.20439769593711013, -0.5071114215739999, 0.8372932215960001], [-0.604587277146, -0.60731038346511, -0.5154111692372001], [0.769867623124, -0.6115655771628001, -0.1824602384651099]], "segmentation_id": 41478, "occlusion_rate": 0.8328299875643986, "t": [0.1718, 0.196893, 0.12863]}, {"R": [[0.38672298418799994, -0.445494868516, -0.807453231066], [0.553261005116, -0.588422373114, 0.589629066252], [-0.737799876966, -0.674755139052, 0.018918472564000033]], "segmentation_id": 40648, "occlusion_rate": 0.8828541998314449, "t": [-0.277861, 0.115953, 0.164225]}, {"R": [[-0.1866640693905599, 0.5145659554012001, 0.8368852258584001], [0.5417621390428, -0.65670812659056, 0.5246205292296], [0.8195418161496, 0.5513209523784, -0.15618866018456012]], "segmentation_id": 39819, "occlusion_rate": 1.0, "t": [0.378899, 0.00136366, 0.154309]}, {"R": [[0.8217537717949999, -0.30093282217799994, -0.48390196344599995], [0.50751459831, 0.772662685971, 0.381342682322], [0.25913434004999997, -0.55895683679, 0.787665908595]], "segmentation_id": 38989, "occlusion_rate": 0.5978693640374475, "t": [-0.219463, -0.257147, 0.16942]}, {"R": [[-0.29238667597799994, -0.830920215036, -0.47337339820399993], [-0.5049973037240001, 0.5545156684439999, -0.6614309055779999], [0.8120889736439999, 0.04565868884200003, -0.5817452442359999]], "segmentation_id": 38160, "occlusion_rate": 0.6075904045828857, "t": [-0.170848, 0.18744, 0.174556]}, {"R": [[-0.6404459441739601, -0.7368057660556001, -0.21666890427240001], [0.5652309910364001, -0.26120810837004016, -0.7824854051508], [0.5199443025396, -0.6236078460132001, 0.5837553725899601]], "segmentation_id": 37330, "occlusion_rate": 0.5604370846006534, "t": [0.0579776, 0.273872, 0.131192]}, {"R": [[0.02125058732999996, 0.7871181988079999, 0.6164359458559999], [-0.9727750865599999, -0.126043408056, 0.194477792958], [0.2307747066, -0.6037863215499999, 0.7630105074]], "segmentation_id": 36501, "occlusion_rate": 0.653116213683224, "t": [-0.0396191, 0.124784, 0.169062]}, {"R": [[-0.39931971597799987, -0.16995820844799991, -0.900920854624], [-0.789369497504, 0.5635352628079998, 0.243565634822], [0.466304595008, 0.808419834886, -0.35919049224799987]], "segmentation_id": 35671, "occlusion_rate": 0.6863210211227833, "t": [-0.0470579, -0.205586, 0.146659]}, {"R": [[0.87808621212, 0.47443061619, -0.06229756116000004], [0.06228302113799994, 0.01576419861600003, 0.99793442016], [0.474432525216, -0.880152186888, -0.015706640429999967]], "segmentation_id": 34841, "occlusion_rate": 0.7737019701752477, "t": [0.254423, -0.219837, 0.108046]}, {"R": [[-0.189008813163, 0.01802183673399993, -0.9818097826980001], [-0.967977820902, 0.16479428196300006, 0.18937093316600007], [0.1652094859340001, 0.986163082602, -0.01370283636300007]], "segmentation_id": 34012, "occlusion_rate": 0.9986259380615157, "t": [-0.0499359, -0.306005, 0.14597]}, {"R": [[-0.19915075773199994, -0.9150822623159999, 0.3506616969179999], [-0.172335281028, -0.31954954930199997, -0.9317665121959998], [0.9646967002139999, -0.24599336481199996, -0.09406241470800003]], "segmentation_id": 33182, "occlusion_rate": 0.8246661981728742, "t": [0.202861, 0.0093329, 0.128543]}, {"R": [[0.4259371758441099, -0.5408262347039999, -0.7253172661295999], [-0.58594573704, 0.44594714829411, -0.6766087234353999], [0.6893806973904, 0.7131891440845999, -0.12694931776610996]], "segmentation_id": 32353, "occlusion_rate": 0.9974126778783958, "t": [-0.183347, 0.108466, 0.0507105]}, {"R": [[0.7667965524267898, -0.4744470186148, 0.43234610592480005], [-0.5027703374172, -0.02519282459720988, 0.8640528866895999], [-0.3990552801232, -0.8799235362863999, -0.2578556481627899]], "segmentation_id": 31523, "occlusion_rate": 0.8300197772457583, "t": [0.056184, 0.0661414, 0.127658]}, {"R": [[-0.30163558722039, 0.35200300727080003, 0.8860643730462001], [-0.1341964106292, 0.9044239720683902, -0.404980024087], [-0.9439319433538, -0.241063019577, -0.22556889124161]], "segmentation_id": 30694, "occlusion_rate": 0.8221713413470711, "t": [-0.182184, 0.289767, 0.132803]}, {"R": [[-0.16225921843299998, 0.20396033291399995, 0.9654393095939999], [-0.7809452686739999, 0.5715122712490001, -0.25199036296199995], [-0.603156169866, -0.7948426500179999, 0.06654869152099999]], "segmentation_id": 29864, "occlusion_rate": 0.7275081526951851, "t": [0.332834, 0.194518, 0.155833]}, {"R": [[0.5944604130710001, 0.778735274448, -0.20047037672399998], [-0.14865543091199995, 0.35143116667099994, 0.924336454044], [0.7902648685559999, -0.519680372676, 0.32467511469699994]], "segmentation_id": 29034, "occlusion_rate": 1.0, "t": [-0.400512, 0.141735, 0.13349]}, {"R": [[-0.458731062328, -0.879930619806, 0.12364716247200003], [0.28314344977800004, -0.012853377032000013, 0.958991804736], [-0.8422566730559999, 0.47492904631199995, 0.255042744782]], "segmentation_id": 28205, "occlusion_rate": 0.999645075421473, "t": [-0.308009, 0.25443, 0.123864]}, {"R": [[0.4713500893430001, 0.5371267291540001, -0.699517900934], [0.719739026866, -0.6926606482090001, -0.046885853421999996], [-0.509711830454, -0.481370363518, -0.713076255841]], "segmentation_id": 27375, "occlusion_rate": 1.0, "t": [-0.345821, -0.119668, 0.140523]}, {"R": [[0.8782715786929999, -0.017139615640000022, 0.47785512904], [-0.36568737436, 0.6198054465949999, 0.6943444457319999], [-0.30807796904, -0.784568479268, 0.538089697955]], "segmentation_id": 26546, "occlusion_rate": 0.887353228962818, "t": [-0.0617571, 0.00053617, 0.132236]}, {"R": [[-0.655235411152, -0.7040035807339999, 0.273947233552], [-0.14638612089800002, 0.47409425067200006, 0.8682207769760001], [-0.741106761584, 0.5287865091680001, -0.413699369278]], "segmentation_id": 25716, "occlusion_rate": 0.9813545656117718, "t": [-0.296527, -0.000289509, 0.119002]}, {"R": [[0.6329212740119999, 0.755810578184, -0.16781593874400003], [0.310162982216, -0.048927936035999924, 0.949424109672], [0.709373486856, -0.652960630872, -0.265391840804]], "segmentation_id": 24887, "occlusion_rate": 0.982403753865842, "t": [0.370916, 0.113105, 0.0695645]}, {"R": [[0.20317113809499993, -0.513610821796, -0.8336213134400001], [0.9572482786600001, -0.07484543498500001, 0.27941541780400003], [-0.20590362670400003, -0.85475210818, 0.47644686158500005]], "segmentation_id": 24057, "occlusion_rate": 0.4931422216730508, "t": [-0.0339208, 0.197318, 0.101572]}, {"R": [[-0.40158312912100014, 0.4761347436179999, -0.782321401458], [0.868166922078, -0.074048659071, -0.4907168943020001], [-0.291577201902, -0.876249154558, -0.38362772751899993]], "segmentation_id": 23228, "occlusion_rate": 0.9977740678909294, "t": [-0.163737, -0.146416, 0.128838]}, {"R": [[-0.020717349629000015, 0.2552178513119999, 0.966662232732], [0.598268206992, -0.771491662619, 0.21651096832799996], [0.801028823652, 0.5828084550479999, -0.13670537954899992]], "segmentation_id": 22398, "occlusion_rate": 0.9988377498837749, "t": [-0.175534, -0.0298074, 0.0494384]}, {"R": [[0.1222508038791919, -0.16226777626548, 0.9791446408280999], [-0.14735137639452, 0.9726438495271917, 0.17958794997774], [-0.9815001939638999, -0.16623305534226, 0.09499609721480812]], "segmentation_id": 21568, "occlusion_rate": 0.8943403333647236, "t": [0.101625, -0.120447, 0.115848]}, {"R": [[0.5544773568899999, 0.744717094116, 0.3714161773000001], [0.31587407258, -0.6012446655, 0.7339803054659999], [0.769920188916, -0.28965491238999985, -0.56861375358]], "segmentation_id": 20739, "occlusion_rate": 0.9996314383119874, "t": [-0.294845, -0.291085, 0.110895]}, {"R": [[-0.4675177772479999, 0.043615328857999985, 0.8829065538560001], [-0.494831018806, -0.8405479469120001, -0.220500711032], [0.732508390792, -0.5399777808640001, 0.41455350123799994]], "segmentation_id": 19909, "occlusion_rate": 0.9506990434142752, "t": [0.20195, -0.0965433, 0.0496567]}, {"R": [[-0.021655632065749997, 0.350412972904, 0.936344644114], [0.31514506474399995, -0.8864246609297499, 0.339019791758], [0.948796148974, 0.302426155378, -0.09123485504975004]], "segmentation_id": 19080, "occlusion_rate": 0.9194432728806411, "t": [0.238423, 0.144858, 0.0483042]}, {"R": [[-0.651385232075, -0.72570189736, 0.221485729124], [0.17959898897600002, -0.43108428684499994, -0.884258126], [0.73718611978, -0.536213564176, 0.41113687623499995]], "segmentation_id": 18250, "occlusion_rate": 0.9982948846539619, "t": [0.384446, -0.0198311, 0.0497149]}, {"R": [[-0.24709101540874984, -0.778287340014, -0.5772461703480001], [0.6360265485300001, 0.31916148297875013, -0.7025699054549999], [0.73103662998, -0.5407430617769999, 0.41614983055475]], "segmentation_id": 17421, "occlusion_rate": 0.9587888062964582, "t": [0.0826331, -0.189112, 0.0496416]}, {"R": [[0.22843551836300005, 0.969395818522, -0.08994123212600008], [-0.11661753118599988, -0.06447270970700006, -0.9910822798219999], [-0.966549548458, 0.236887063786, 0.09832066741299997]], "segmentation_id": 16591, "occlusion_rate": 0.9842703470671809, "t": [-0.210489, 0.237705, 0.0473021]}, {"R": [[0.2433390075631599, 0.13678224251760002, 0.9602485633896], [0.3152752612824, 0.92509360210116, -0.211669305608], [-0.9172721488104, 0.354249916648, 0.1819872510188399]], "segmentation_id": 15762, "occlusion_rate": 0.9923845316981506, "t": [0.343009, -0.271456, 0.0472212]}, {"R": [[-0.14011034398236, 0.2491125669264, 0.9582863668263999], [-0.3641947244976, -0.9129501896476399, 0.18407850012239996], [0.9207236471895999, -0.32321141774159995, 0.21863916685764007]], "segmentation_id": 14932, "occlusion_rate": 1.0, "t": [-0.336282, 0.124524, 0.049652]}, {"R": [[0.368849586088, -0.834924937294, 0.4084741407279999], [0.052919988541999974, -0.4198843322479999, -0.9060338923360001], [0.927981815216, 0.355806532168, -0.11068990022199995]], "segmentation_id": 14102, "occlusion_rate": 0.9953407736482826, "t": [-0.0718072, -0.122305, 0.047985]}, {"R": [[-0.036509892090240054, -0.3051126331416, -0.9516163275488], [-0.39708245991040003, 0.87827999837376, -0.2663645818584], [0.9170566360872, 0.36814515008959997, -0.15322075790976006]], "segmentation_id": 13273, "occlusion_rate": 1.0, "t": [-0.256896, -0.114687, 0.0494346]}, {"R": [[-0.17888442428900003, 0.42921662884800005, 0.88531031364], [-0.64782167784, -0.728620247295, 0.22235222536], [0.740491957848, -0.533747621936, 0.40839446569500004]], "segmentation_id": 12443, "occlusion_rate": 0.9751196172248804, "t": [-0.0696703, 0.284429, 0.0496579]}, {"R": [[0.38878149500799997, 0.7048779224020001, 0.593291521576], [0.08231901974600003, 0.6147997118719999, -0.784374693112], [-0.917644426808, 0.353789760616, 0.18099800318199996]], "segmentation_id": 11614, "occlusion_rate": 0.9998977191367495, "t": [-0.186519, -0.238705, 0.0472146]}, {"R": [[-0.39775200090600005, -0.7920844639239999, -0.463029125172], [-0.019344755515999956, -0.4973155097880001, 0.8673543031140001], [-0.917289239652, 0.3539490199260001, 0.1824855202040001]], "segmentation_id": 10784, "occlusion_rate": 0.9972052582548391, "t": [0.0293573, -0.0361587, 0.0472482]}, {"R": [[-0.006351284096040032, 0.2222294481248, 0.9749728770120001], [-0.06219089387519999, 0.9730173608960401, -0.22218885085999998], [-0.998043251188, -0.06204566957999999, 0.007640744534039966]], "segmentation_id": 9955, "occlusion_rate": 0.8437024256571602, "t": [-0.0265687, -0.267758, 0.0503026]}, {"R": [[0.1442480399410001, 0.03907060125799999, 0.988770086174], [0.707910176402, -0.702253085531, -0.0755253482660001], [0.691415922106, 0.710854685714, -0.12895708851700005]], "segmentation_id": 9125, "occlusion_rate": 0.9328767123287671, "t": [0.186013, 0.273957, 0.0507144]}, {"R": [[0.06061596768099996, -0.663553936614, -0.745668779022], [-0.111937924134, 0.737811121617, -0.665661100186], [0.991864736718, 0.12381830383399994, -0.029553714369000048]], "segmentation_id": 8296, "occlusion_rate": 1.0, "t": [-0.368286, 0.27379, 0.0480567]}, {"R": [[0.22529741329399994, -0.21313479886799996, -0.950690407668], [0.480336256308, 0.873246999676, -0.08194129966199998], [0.847653098028, -0.43819043032199995, 0.29911701779600003]], "segmentation_id": 7466, "occlusion_rate": 0.9468110423607806, "t": [0.345284, 0.264577, 0.04904]}, {"R": [[-0.13478847197199997, -0.722765140536, 0.6778228731120001], [0.32327162983200003, 0.614560078748, 0.719591961336], [-0.9366582882960001, 0.316113411768, 0.15081375842800007]], "segmentation_id": 6636, "occlusion_rate": 0.9405498630414934, "t": [-0.0477018, 0.0961294, 0.0472056]}, {"R": [[-0.604407302487, 0.7879809611940001, -0.11737239518199999], [0.039089371621999935, 0.17648239458300002, 0.9835265360340001], [0.795714958626, 0.589863061102, -0.13746903440700003]], "segmentation_id": 5807, "occlusion_rate": 0.8544726301735648, "t": [0.0845214, 0.198259, 0.0494155]}, {"R": [[-0.17640404857070996, -0.7425245271669999, -0.6461716128569999], [0.628970046113, 0.41993184527271, -0.6542573969603999], [0.7571506506629999, -0.5218365519395999, 0.39294824127270994]], "segmentation_id": 4977, "occlusion_rate": 0.9950385305605405, "t": [0.166403, -0.265574, 0.0496675]}, {"R": [[-0.5829334936810001, 0.811782814546, -0.034613310602000014], [0.09020194436599993, 0.10699223275300007, 0.9901601631460001], [0.807498005258, 0.5740750834660001, -0.13559368483099998]], "segmentation_id": 4148, "occlusion_rate": 1.0, "t": [-0.371701, -0.230084, 0.0494674]}, {"R": [[0.05938777628188993, -0.541967361476, -0.8382980404862], [0.6446917178920001, 0.66197879329211, -0.38230328232040006], [0.7621317566338001, -0.5177398863196001, 0.38871548619011]], "segmentation_id": 3318, "occlusion_rate": 1.0, "t": [-0.367561, -0.0148309, 0.0496945]}, {"R": [[-0.26651443511699996, -0.878195844078, -0.397164710786], [0.379767774534, 0.2830515119330001, -0.880713330882], [0.885857881082, -0.385553619114, 0.25807346529299996]], "segmentation_id": 2489, "occlusion_rate": 0.9996827411167513, "t": [0.124199, 0.0442876, 0.0492289]}, {"R": [[-0.713760329703, 0.6190566977259999, -0.3275902616820001], [-0.15876117361799996, 0.31254710295300003, 0.936541286326], [0.682159412674, 0.720474493818, -0.12480153149700007]], "segmentation_id": 1659, "occlusion_rate": 0.98698988101857, "t": [0.26982, 0.00295363, 0.0508464]}, {"R": [[-0.25248542584000006, 0.362790211056, 0.8970145137], [-0.6456428026200001, -0.7536561479999999, 0.12307902865599998], [0.720692130144, -0.54807512134, 0.42451994088000006]], "segmentation_id": 830, "occlusion_rate": 0.9694585360803396, "t": [0.361482, -0.146332, 0.0498568]}]