[{"R": [[0.41936259939099996, 0.845956404988, -0.3293817706520001], [0.4776336101479999, 0.10294405759100012, 0.872506868288], [0.772010831812, -0.523220662448, -0.3608863999909999]], "score": 262.544, "t": [0.114201, 0.00813213, 0.256884]}, {"R": [[0.7942502580359098, -0.4480201522658, -0.4104184758294], [0.3601490775822, -0.19687764412191003, 0.9118830460591999], [-0.4893444840346, -0.8720756795927999, 0.004983927785909975]], "score": 129.202, "t": [0.0176644, -0.0626058, 0.229959]}, {"R": [[0.6759917919510001, 0.38966127276600004, 0.625460110958], [-0.643422708306, -0.10164924729699995, 0.7587330292259999], [0.359226218878, -0.9153320073660001, 0.18200274899100008]], "score": 142.243, "t": [-0.0814081, 0.0969339, 0.244355]}, {"R": [[-0.2410347096470401, 0.3171848132024, 0.9172215300335999], [0.37999561742559995, -0.83878787035104, 0.38991987821519997], [0.8930312825543999, 0.4425245473008, 0.08164818156896014]], "score": 191.623, "t": [-0.0133108, -0.197542, 0.189599]}, {"R": [[-0.5340884672160001, 0.83948774263, -0.100046027712], [-0.231702661962, -0.03154004184000003, 0.972274894616], [0.81305765732, 0.5424619104000001, 0.21135678399000002]], "score": 176.564, "t": [0.228062, 0.175136, 0.234297]}, {"R": [[-0.5500981176140001, -0.03826205102000002, -0.83422239614], [0.82292130482, -0.19481333976399995, -0.53371080043], [-0.14209685726, -0.98009321387, 0.13865318263600002]], "score": 88.6544, "t": [0.0607909, 0.17137, 0.181677]}, {"R": [[0.9561888849254401, -0.22006983003359998, -0.19305531643519996], [0.0229717200976, 0.7138304164454401, -0.6999405014592], [0.29184479671679997, 0.6648410903488, 0.6876126876105599]], "score": 92.1092, "t": [-0.11957, -0.0261228, 0.184698]}, {"R": [[0.18885187091299985, -0.352915926524, 0.9163972376720001], [-0.031131801148000016, 0.9305687577670001, 0.36478922075599995], [-0.981511262984, -0.09742029269199995, 0.1647528596469999]], "score": 63.6046, "t": [0.224138, -0.0127536, 0.218655]}, {"R": [[0.15874721274700004, 0.8056970083759999, -0.5706597015079999], [-0.374059157368, 0.583981254403, 0.720448806704], [0.9137176319959999, 0.09909120539199995, 0.3940835746130001]], "score": 76.8054, "t": [-0.14417, 0.211701, 0.290162]}, {"R": [[0.021006161506999965, -0.992317605432, 0.12191901063599997], [0.31688170562399987, 0.12226684076299998, 0.940551188568], [-0.948232281588, 0.018876536375999953, 0.31701569449299993]], "score": 48.2318, "t": [-0.222648, -0.172096, 0.232015]}, {"R": [[-0.25964023573584005, -0.34467300737719997, 0.902102275812], [-0.3900420875028, -0.8171269155038401, -0.4244665169224], [0.883433737196, -0.4620661987176, 0.07772200485816005]], "score": 56.502, "t": [0.0972501, -0.204757, 0.122587]}, {"R": [[-0.33931073301299997, -0.883686786048, -0.32243838706399996], [0.24903098697599996, 0.24615773713299988, -0.936691282548], [0.907112130232, -0.398126431476, 0.13654138776299996]], "score": 59.9777, "t": [0.288919, -0.163182, 0.217815]}]