[{"R": [[-0.33542850236324, -0.6667791429115999, 0.6655016341723999], [-0.5125805528803999, -0.46353008245724, -0.7227725577052], [0.7904100374596, -0.5835619658108, -0.18629690133723997]], "score": 216.889, "t": [0.164676, 0.0206062, 0.229281]}, {"R": [[-0.23524040628911014, 0.15102234792180003, -0.960133169157], [0.0201083525982, -0.9868874244711101, -0.16015731770640002], [-0.971729955411, -0.05698212603360001, 0.2291188161368901]], "score": 89.6862, "t": [-0.0633407, 0.0927468, 0.204315]}, {"R": [[0.918464900563, 0.183386283516, 0.350417913204], [-0.273200490036, 0.9348283827010001, 0.22684444798799996], [-0.285980305476, -0.304082854428, 0.9087078182590002]], "score": 76.0045, "t": [0.00538288, -0.00346021, 0.181268]}, {"R": [[0.5445987317759998, 0.8070075650119999, -0.22836449673599998], [-0.5427025694879999, 0.546679849056, 0.637663230644], [0.639441533236, -0.22333666214400003, 0.735686477328]], "score": 86.3081, "t": [0.0115711, -0.158139, 0.265085]}, {"R": [[0.654968420684, -0.38582845258600007, 0.649733059148], [-0.755652954506, -0.33702538077199995, 0.561607318444], [0.0022924487079999945, -0.8588076460760001, -0.512293321046]], "score": 34.5494, "t": [0.144283, 0.186469, 0.202562]}, {"R": [[-0.2882056506639999, 0.897044510408, -0.33503359281800005], [-0.473526415888, 0.1705931887340001, 0.864100431928], [0.8322914726380001, 0.407686116208, 0.37560856522399994]], "score": 60.7361, "t": [-0.088365, -0.183956, 0.183675]}, {"R": [[0.7366975475560001, -0.27194316470599994, -0.6191324879079999], [0.5953793989459999, -0.173269454692, 0.784539652516], [-0.320626720228, -0.946586504356, 0.03426215164599994]], "score": 12.2698, "t": [0.0647276, 0.110319, 0.158553]}, {"R": [[-0.283244761025, 0.948665078158, -0.14073937829], [-0.23541106614200003, 0.07348595342499992, 0.96911405023], [0.9297067457300001, 0.30762799271, 0.202511685617]], "score": 74.2456, "t": [-0.131725, 0.213059, 0.163761]}, {"R": [[-0.08564515286368996, -0.369431011922, -0.9253037406566], [-0.11762342097799999, 0.9259705194243099, -0.358810124225], [0.9893588913433999, 0.07810698969499999, -0.12275854158631]], "score": 112.621, "t": [-0.196455, -0.0939247, 0.261481]}, {"R": [[-0.345368906127, -0.938088230226, 0.026657309506000038], [-0.642682504174, 0.25711983179100006, 0.721698283278], [-0.683870849406, 0.23211998097800002, -0.691694149839]], "score": 85.5555, "t": [-0.212902, 0.0346619, 0.272668]}, {"R": [[-0.660228407831, -0.539230041578, -0.522807902954], [0.121888354438, 0.609934908841, -0.783020643194], [0.7411075294339999, -0.580697047414, -0.33697071175300003]], "score": 29.2294, "t": [-0.0426204, 0.201719, 0.114175]}, {"R": [[-0.0060653456670000105, 0.905549829596, 0.42419766128400005], [-0.500458046516, 0.364509406851, -0.7852869374520001], [-0.8657400842040001, -0.21705606781200004, 0.45097861165100006]], "score": 38.138, "t": [0.272649, -0.174453, 0.236221]}, {"R": [[0.97059146932599, 0.2293866305026, -0.0730191577566], [0.06681778911340001, 0.03469710967599008, 0.9971606277924001], [0.2312691218274, -0.9727156358916, 0.018349631124010078]], "score": 30.7364, "t": [-0.234687, 0.165316, 0.191341]}]