[{"R": [[-0.30522581585099995, -0.5390572440879999, -0.785017359432], [0.409574070872, 0.6699010689090001, -0.619257138852], [0.859699975272, -0.5105365913879999, 0.01631278782100007]], "score": 274.738, "t": [0.0371072, -0.150529, 0.2739]}, {"R": [[0.42153331768800006, 0.655870160024, -0.626213887164], [0.24877607967600002, 0.580428628776, 0.775379201608], [0.8720206198639999, -0.48263524249200007, 0.081505205016]], "score": 275.36, "t": [-0.0553588, 0.182331, 0.186355]}, {"R": [[0.456451534464, 0.646848859988, 0.6109320248160001], [0.33242564147200004, 0.512928712176, -0.791452284756], [-0.825314836596, 0.564349252224, 0.019097956351999942]], "score": 211.325, "t": [0.0760781, -0.00430199, 0.249351]}, {"R": [[0.520423495604, 0.433268193606, -0.7358244760679999], [-0.8368455588539999, 0.08738255826800004, -0.5404196527559999], [-0.16984845538799997, 0.897018708204, 0.408054581254]], "score": 134.325, "t": [-0.156361, -0.137944, 0.285517]}, {"R": [[-0.49678961517, -0.85861445634, -0.1264145898039999], [0.23444080680400003, 0.007477197659999879, -0.9721013087699999], [0.83560573314, -0.512566738846, 0.19757973546000007]], "score": 137.011, "t": [0.191865, 0.0594292, 0.225056]}, {"R": [[0.95281534852271, 0.05103955539699999, 0.2992291360864], [0.286305281795, 0.1764250870287099, -0.9417556343138], [-0.10085830513359997, 0.9829900065262, 0.15348762110928987]], "score": 96.0011, "t": [-0.20925, 0.040506, 0.22691]}, {"R": [[-0.926757012419, -0.374734188598, -0.026363626498000003], [-0.048787312221999946, 0.18964692922899995, -0.9806391555380001], [0.372478927018, -0.907528315318, -0.1940389620609999]], "score": 84.9676, "t": [-0.0833415, -0.0434208, 0.189702]}, {"R": [[0.515970242487, 0.840097101966, 0.16736609835400001], [0.560488228686, -0.4788522550490001, 0.6756872842380001], [0.647786613874, -0.254827823922, -0.717938107209]], "score": 58.8742, "t": [-0.179212, 0.192708, 0.175139]}, {"R": [[0.11205905772524005, -0.6961917135344, 0.7090548618616], [0.5349882954256, -0.5590419117972399, -0.633449758192], [0.8373943054984, 0.450320075504, 0.30980887375724]], "score": 31.397, "t": [-0.132352, 0.0854017, 0.148837]}, {"R": [[0.526339409212, -0.790077524292, 0.31423895429399995], [0.3078022003559999, 0.521554517802, 0.795764084948], [-0.7926073556579999, -0.32211826872399996, 0.5177018342519999]], "score": 53.9658, "t": [0.0783441, 0.100466, 0.182738]}, {"R": [[-0.98251642519095, -0.06270110628480002, 0.17529339953360001], [-0.186059134816, 0.29824541316662995, -0.93617808257616], [0.006418956372000004, -0.9524263620958401, -0.30469747652937]], "score": 20.5531, "t": [0.198712, -0.0841816, 0.136973]}, {"R": [[0.14776962471444008, -0.7273288099596, -0.6701889968515999], [-0.6264697737724001, 0.45551707973844, -0.6324841214628001], [0.7653078542964, 0.5133160269812, -0.38833863557843995]], "score": 20.0566, "t": [-0.0858056, -0.192827, 0.215565]}, {"R": [[-0.16106826211316638, -0.6426246448167199, 0.7490608666245601], [-0.6576511846752799, -0.49603340145716646, -0.56696330130648], [0.7359032105714401, -0.58394009248152, -0.34272734667316623]], "score": 16.5395, "t": [0.0705492, 0.200358, 0.126646]}, {"R": [[0.1789431877679999, -0.976655005084, 0.11885160002400003], [0.014939816696000086, 0.12348481058400002, 0.992234684772], [-0.983746666404, -0.17577789631200003, 0.03668778733600003]], "score": 14.0649, "t": [0.310938, -0.0943928, 0.137313]}, {"R": [[-0.9984526476771416, 0.04710700019304, 0.0295524711156], [-0.01954732614696, 0.20020978940164152, -0.9795580891085401], [-0.0520607343084, -0.9786199867314601, -0.19897916771035834]], "score": 13.792, "t": [-0.0330628, -0.0525632, 0.0939003]}]