[{"R": [[0.06401730132100009, -0.08899993887200003, 0.9939733206879999], [-0.9484797171920001, -0.31513159355899995, 0.032870519368000006], [0.31030658619199997, -0.944866792648, -0.1045883977510001]], "score": 186.182, "t": [0.0409077, 0.0903073, 0.271887]}, {"R": [[0.18491702698516016, 0.4417390104756, 0.877879952322], [-0.30949624012439997, -0.8216550250071601, 0.47863970600360006], [0.9327478981020001, -0.3602090190964, -0.015221434944840129]], "score": 323.455, "t": [-0.147463, 0.134432, 0.251986]}, {"R": [[0.6783109691107502, 0.24137803919099998, -0.693997549468], [0.544658362473, 0.46879623935075, 0.695398505496], [0.4931969430759999, -0.8496872692080001, 0.18652090277925004]], "score": 171.666, "t": [0.0424471, -0.0812885, 0.280581]}, {"R": [[-0.247804457272, 0.74881060576, -0.614714964254], [0.5235808022, 0.63737403331, 0.5653462168], [0.815141063954, -0.18175774531999997, -0.5500072976720001]], "score": 135.297, "t": [0.234628, -0.0184389, 0.24504]}, {"R": [[-0.77220355776984, 0.5489887638695999, 0.31986480219760005], [-0.6007573896904, -0.46695613884816, -0.648878272326], [-0.20686399704240002, -0.693227084518, 0.69039407963184]], "score": 70.2065, "t": [-0.135406, -0.124222, 0.28708]}, {"R": [[-0.00928384694299994, -0.9673336259800001, 0.2533392317600001], [0.15605392213999997, 0.24884440178500006, 0.955889605132], [-0.9877055652800002, 0.04840888206799998, 0.14864587638500001]], "score": 90.1943, "t": [-0.0764921, -0.0438134, 0.240502]}, {"R": [[-0.881106266914, 0.465587741452, 0.08294947948400003], [-0.12764588973199997, -0.06524403031599996, -0.989671944674], [-0.455366981644, -0.882593953214, 0.11691723786799996]], "score": 99.3056, "t": [0.192481, -0.184065, 0.226286]}, {"R": [[0.402163656399, 0.60807513058, -0.6844775729999999], [0.15416246657999996, 0.691951413801, 0.70529262986], [0.9024958982, -0.38916371286, 0.18453530075100005]], "score": 40.7779, "t": [0.0499599, -0.195377, 0.21312]}, {"R": [[-0.0701056368085358, -0.36044621282884004, -0.9301429530158999], [0.36572956981116, 0.8582207756065359, -0.36014048339944], [0.9280782656401, -0.36542826064055994, 0.07165964604853596]], "score": 45.7659, "t": [0.174729, 0.10623, 0.195445]}, {"R": [[-0.16869867140799993, 0.947858030178, 0.2703781099440001], [-0.18742310742599994, 0.2384575805280001, -0.952895046968], [-0.967683701688, -0.2114274021039999, 0.13742312968199993]], "score": 38.961, "t": [0.11969, 0.233832, 0.231618]}]