[{"R": [[0.4165310429329999, -0.767830819018, 0.48676170934600005], [-0.08164007889400005, 0.501664971467, 0.861200552698], [-0.905447969702, -0.3984561805459999, 0.14627332085299993]], "score": 195.932, "t": [-0.0952706, 0.0818567, 0.236645]}, {"R": [[0.8486404408239999, 0.13322802697600006, 0.511915709678], [-0.45531165997600004, -0.308631512338, 0.835126266304], [0.26925581382200003, -0.941804056696, -0.20125710994399998]], "score": 117.318, "t": [0.172917, 0.145845, 0.259482]}, {"R": [[0.04983155011099999, 0.9208100936420001, 0.38681528396199993], [-0.37650128426199997, -0.34140499968099997, 0.861214192282], [0.925075172842, -0.18855204450199992, 0.32967336403100006]], "score": 91.2034, "t": [0.0736556, -0.1041, 0.231784]}, {"R": [[0.45615315903074993, -0.7525003037490001, -0.4750438837230001], [-0.556456797207, 0.1753876513507501, -0.812153992599], [0.6944632686090001, 0.634808292093, -0.33873042960675004]], "score": 128.305, "t": [0.171657, 0.00247341, 0.240101]}, {"R": [[-0.3395650500453901, 0.0858851752044, -0.9366543625425999], [0.1906706773476, -0.9688625814593901, -0.1579622500788], [-0.9210550206094, -0.23223073941720002, 0.3126157610906101]], "score": 54.0766, "t": [0.0226028, -0.0100665, 0.205216]}, {"R": [[-0.6383609220069999, 0.5389174381840001, -0.549602359396], [0.033645652215999966, -0.693794836969, -0.7193859323479999], [-0.769001124004, -0.4777197341479999, 0.42475940515099997]], "score": 58.146, "t": [0.0796378, 0.137056, 0.217806]}, {"R": [[-0.615934122649, 0.602165538358, -0.507959202646], [-0.07905374259800002, -0.6887726759110001, -0.720654866966], [-0.7838216588740001, -0.40371969968599997, 0.47184186095300007]], "score": 67.1615, "t": [-0.103131, -0.0637218, 0.178491]}, {"R": [[-0.3212587538827899, 0.5579978448094001, 0.7651350222596001], [0.49686904591060005, -0.5884985142847899, 0.6378017199309999], [0.8061726541604, 0.585071181925, -0.08819154047479011]], "score": 125.392, "t": [0.149693, -0.197668, 0.287391]}, {"R": [[-0.6827936800180001, 0.5583168590400001, -0.471250304976], [0.22605235272000004, -0.45192052760000007, -0.86294260821], [-0.694762476576, -0.69573838197, 0.18235947876800002]], "score": 62.5183, "t": [-0.194002, 0.119137, 0.199825]}, {"R": [[0.7077034206201901, -0.17426981120940002, 0.6846810141112001], [-0.3189945087906, 0.7858821521081901, 0.529748936856], [-0.6303971458888, -0.5933139688560001, 0.5005798263578102]], "score": 59.799, "t": [-0.207589, -0.205117, 0.221303]}, {"R": [[0.9296703590817899, 0.3581235527634, 0.0863895933026], [0.15747986401659997, -0.17433223104621, -0.972013880085], [-0.33304013767740004, 0.9172559139109999, -0.21846847031379]], "score": 19.7209, "t": [0.261833, -0.0177693, 0.167592]}, {"R": [[-0.8605259607067501, 0.453246034124, 0.232518383118], [-0.16355977201199998, 0.18644638239675015, -0.9687557186710001], [-0.482436490034, -0.8716693604970001, -0.08630906117925013]], "score": 77.1771, "t": [0.00630735, -0.213556, 0.241878]}, {"R": [[-0.8270085689749999, 0.378243996272, -0.41591981719599996], [0.3475613432, -0.237507769679, -0.907078916228], [-0.44188112401999996, -0.8947192446999999, 0.06495793722499998]], "score": 24.8835, "t": [-0.0130339, 0.240676, 0.172366]}]