[{"R": [[0.05354335445899988, 0.997011614776, 0.05567931354800004], [-0.20330540290399995, -0.043707066637000025, 0.978138968776], [0.977649865292, -0.06369277109599997, 0.200357701541]], "score": 203.594, "t": [0.00642293, -0.168263, 0.2656]}, {"R": [[-0.34372512155699997, -0.8752309833380001, -0.3403282126740001], [-0.5853239054860002, -0.083717862507, 0.806465604282], [-0.734335408518, 0.47640483942600004, -0.4835177995630001]], "score": 199.622, "t": [-0.0964723, 0.180348, 0.23881]}, {"R": [[-0.3112873702680001, 0.9317088403980001, -0.18713513908399998], [-0.3335970974259999, 0.07725311302799992, 0.9395454664680001], [0.8898392552280001, 0.3548962435640001, 0.286767338802]], "score": 134.391, "t": [0.0574364, -0.029987, 0.224115]}, {"R": [[-0.340016634556, -0.7898663015819999, 0.510392115588], [-0.33585306862199993, -0.40494704223600003, -0.8504238984679999], [0.8784028701719999, -0.46057498457199997, -0.12759027809399992]], "score": 193.921, "t": [0.195148, 0.0479838, 0.202382]}, {"R": [[0.17378029805699996, -0.6311603974679999, 0.7559355392239999], [-0.35804416175599996, -0.7555774382730001, -0.548551448628], [0.917391064392, -0.17533073383599998, -0.3572874858330001]], "score": 174.516, "t": [0.184001, -0.0883744, 0.221074]}, {"R": [[0.91356432003356, -0.40666934345280004, 0.0046041006048000155], [0.27549704569919997, 0.62714004025244, 0.7285586230416], [-0.2991697351968, -0.6643164415344, 0.6849686522275601]], "score": 62.9865, "t": [-0.0931616, 0.0126374, 0.245341]}, {"R": [[-0.2488843738840001, 0.9586522819880001, -0.13798994647399998], [-0.18917585817200006, 0.09161225626599995, 0.977659728044], [0.949877843606, 0.269428750124, 0.15855309989199992]], "score": 149.298, "t": [-0.131042, -0.195361, 0.231931]}, {"R": [[0.9517264617227599, -0.30592965651, -0.024954824766], [-0.15019870934999996, -0.53507138848524, 0.8313470472004], [-0.267686469066, -0.7874672122995999, -0.5551921287147599]], "score": 25.6619, "t": [0.0470856, 0.18256, 0.187419]}, {"R": [[-0.6177401847809999, 0.730092858642, 0.2921628098339999], [-0.37546939117799993, -0.6002807160509999, 0.7061752075859999], [0.690953997006, 0.326534998554, 0.6449458072769999]], "score": 37.1336, "t": [-0.178979, -0.0555236, 0.177489]}, {"R": [[0.1318512370278399, 0.23515953541440002, 0.9629720561544], [0.5025339389496, 0.82150594790784, -0.2694207759103999], [-0.8544441633216, 0.5194496194936, -0.009859072467840083]], "score": 94.1521, "t": [0.126806, -0.216572, 0.231753]}, {"R": [[-0.04686919363299996, 0.9974012044439999, -0.05470256608800006], [-0.11976032578799994, 0.04875692240700008, 0.991603994324], [0.991695012456, 0.053026923027999995, 0.11716399779299994]], "score": 20.9753, "t": [0.267747, 0.10339, 0.151561]}, {"R": [[0.18587615627999993, -0.6527594252720001, 0.7344079974300001], [-0.35917018327200007, 0.65056908927, 0.66914614172], [-0.91457462977, -0.38815578348, -0.11352644527200006]], "score": 23.45, "t": [0.165694, 0.268361, 0.0532352]}, {"R": [[-0.10987020972291003, -0.9079961466312001, -0.4043178322372], [-0.7768241195208001, -0.17532023563691, 0.6048210289446001], [-0.6200598350908, 0.38053539575940004, -0.6860903644769101]], "score": 16.2588, "t": [-0.0622272, 0.167231, 0.106955]}]