[{"R": [[-0.1406735937452101, 0.7837055549366001, 0.6049930536252001], [-0.6394157361354, -0.5384526392007901, 0.5488317806674], [0.7558826020988, -0.3096359317806, 0.5768597172147901]], "score": 92.1159, "t": [0.0844166, 0.0519207, 0.236914]}, {"R": [[0.9042230428840001, 0.42656138543800004, -0.020624303307999997], [0.007757750721999995, 0.031879245916000026, 0.9994612647320001], [0.42698922086800006, -0.9038962257080002, 0.025516800926000033]], "score": 126.022, "t": [-0.0444193, -0.0111754, 0.212927]}, {"R": [[0.25323800654399997, 0.895212900872, 0.3666954057120001], [-0.6387899327920001, 0.4394016204960002, -0.631565344272], [-0.726511582992, -0.07430494219200001, 0.6831257876560002]], "score": 87.2381, "t": [-0.148941, -0.146718, 0.174581]}, {"R": [[0.6890585197539899, -0.48328734590000005, 0.5400306348198], [-0.637153803, -0.04894491819800993, 0.7691819129449999], [-0.34530389018019997, -0.874093316055, -0.34165404600398996]], "score": 49.2831, "t": [-0.186176, 0.107096, 0.178602]}, {"R": [[-0.34695154195199995, 0.06787970819200001, -0.935422771434], [-0.398453097096, 0.8922240834179999, 0.21253259267200003], [0.8490338894980001, 0.44646088154400004, -0.282511812672]], "score": 154.542, "t": [0.0742157, 0.169865, 0.225145]}, {"R": [[-0.6769148343327601, 0.4774689595728, -0.5601869536496], [0.4250789422672, -0.36773635019076, -0.827089833648], [-0.6009109112304001, -0.79799316584, 0.045964196625240095]], "score": 108.528, "t": [0.225882, -0.0440316, 0.29227]}, {"R": [[0.05965988445999992, -0.16292723470999992, 0.98483315998], [-0.88448549647, -0.46597607069199987, -0.023508438844000057], [0.4627386339399999, -0.8696677275560001, -0.17190677394199994]], "score": 126.413, "t": [-0.170836, -0.0251201, 0.1479]}, {"R": [[0.60380731663537, -0.11269823309020001, 0.78912445073984], [0.05879720914820001, 0.99355620844855, 0.0969046694914], [-0.7949598598001602, -0.012113423595399998, 0.6065423747726301]], "score": 14.2466, "t": [-0.0679976, 0.103047, 0.154349]}, {"R": [[-0.4952551649, 0.37987938794200005, -0.781288841644], [0.8677913325500001, 0.258485738444, -0.42440736090799996], [0.04072844966, -0.8881863855400001, -0.45767283046999996]], "score": 17.2549, "t": [-0.0500428, 0.232671, 0.200926]}, {"R": [[0.12332142892800006, 0.373098611704, -0.9195594482880001], [-0.105127107592, 0.9263301621120001, 0.361747218144], [0.986782875936, 0.052059432672, 0.15345911199199996]], "score": 29.7906, "t": [0.212988, 0.0653958, 0.161009]}, {"R": [[0.238050088436, -0.7834819146900001, -0.5740122399479999], [-0.24983724169799998, 0.5217187720199998, -0.815716055036], [0.9385708896599998, 0.3375906087799999, -0.07154769602999997]], "score": 25.4681, "t": [0.177879, 0.206167, 0.148625]}, {"R": [[0.943968971783, 0.272528837168, -0.186143463536], [0.204586560304, -0.04063536026299987, 0.978004029968], [0.258970452848, -0.961288497904, -0.09411431423299986]], "score": 40.9555, "t": [-0.000509004, -0.233347, 0.201096]}, {"R": [[0.07333778290499998, -0.9868920068399999, 0.14375158657999992], [0.34552205511199985, 0.16035558360899999, 0.9246076889399999], [-0.935539876884, -0.01813934538800005, 0.35275329214499995]], "score": 44.5846, "t": [0.120794, -0.261376, 0.208667]}, {"R": [[0.6612708732299102, 0.49767414373920005, 0.5612852292938], [0.4219700781768, 0.37184717034990994, -0.8268438575562], [-0.6202111858821999, 0.7836133984998002, 0.03588810876009]], "score": 19.8639, "t": [-0.194506, 0.258083, 0.232043]}, {"R": [[-0.08438380454099995, 0.8131596584019999, -0.5758885591979999], [-0.19817388212199993, 0.552708531501, 0.809467282098], [0.976526177382, 0.18243228412200002, 0.11450753570899999]], "score": 13.6829, "t": [0.308311, 0.106322, 0.232196]}]