[{"R": [[-0.058140244815000075, 0.56297953902, 0.82442345798], [-0.09207621844400002, -0.8253243937350001, 0.557101339608], [0.9940533031080001, -0.04351977988, 0.09982157496900007]], "score": 240.357, "t": [0.142043, -0.0793501, 0.25283]}, {"R": [[0.59976844990068, 0.10607041254320002, 0.7931113179297599], [-0.217875612412, 0.9753723838193998, 0.03431645290799999], [-0.7699394213582399, -0.19338166667759998, 0.60810813756532]], "score": 91.8974, "t": [-0.0315991, -0.0856114, 0.227925]}, {"R": [[-0.020963541360000004, 0.9574138398799998, -0.28795585113], [0.08436331369599998, 0.28868590599, 0.9536994191279999], [0.9962141658779999, -0.004299994080000036, -0.08682251329599999]], "score": 172.472, "t": [-0.0243812, 0.0463644, 0.181184]}, {"R": [[0.7645055631000001, 0.6255233673, -0.15573186844999998], [0.125400131172, 0.09265558774600005, 0.9877704202200001], [0.632302700446, -0.7746845247720001, -0.007604997539999922]], "score": 41.7118, "t": [-0.11575, -0.0160026, 0.142281]}, {"R": [[-0.5749701860001889, 0.8181334048035166, -0.00832924818234], [0.8180599705884833, 0.5750302917938113, 0.01097302419862], [0.013766951421699999, -0.0005046621632999989, -0.999906283400811]], "score": 15.1158, "t": [0.220662, 0.0487167, 0.303204]}, {"R": [[0.24723119956499998, -0.2736355652079999, 0.929515375056], [-0.66337473692, 0.651422940219, 0.36821275429200007], [-0.7062642659999999, -0.70765122162, -0.020470861284999947]], "score": 65.6024, "t": [0.147886, 0.108082, 0.193362]}, {"R": [[0.044189373912999985, 0.414683969284, 0.9088919628680001], [-0.558524245828, 0.7645723251529999, -0.321682952216], [-0.828310365364, -0.493423206328, 0.2653970109129999]], "score": 63.7585, "t": [-0.190793, 0.21049, 0.208956]}, {"R": [[0.44156427343436006, -0.009510379367599991, -0.8971788223036], [-0.2618684308804, 0.9550398680203601, -0.1390074439708], [0.8581638604684, 0.2963236360052, 0.4192211652696402]], "score": 60.2716, "t": [0.0764687, 0.16174, 0.137962]}, {"R": [[-0.5179850625110001, -0.515624495218, 0.6825120925819999], [-0.02072831055799998, -0.790095474241, -0.612633153118], [0.8551384178779999, -0.331482161042, 0.39856964856099997]], "score": 34.8664, "t": [0.198209, 0.232608, 0.145501]}, {"R": [[0.6452178430529999, -0.64187662789, 0.41435310864599995], [0.09733140288999997, 0.6069885945149999, 0.7887278448299999], [-0.757773516354, -0.4685716698299999, 0.45411458599699983]], "score": 37.5513, "t": [0.136557, -0.205371, 0.216467]}, {"R": [[-0.07922108913600001, 0.756457055354, 0.649227013632], [0.07823335626599992, -0.644547256848, 0.760550687624], [0.9937819347279999, 0.11104291910399994, -0.00811844279399998]], "score": 96.285, "t": [-0.217298, -0.128317, 0.195941]}, {"R": [[-0.07110240654381011, 0.30867217650460005, 0.9485059442705999], [-0.4326353915874, -0.86635489400019, 0.2495063259098], [0.8987595099974, -0.3926172132942, 0.1951426608801901]], "score": 25.977, "t": [0.0155486, -0.158646, 0.154832]}, {"R": [[-0.2370936459470001, -0.7213808111419999, -0.650690688434], [0.3528477129259999, -0.6879921134770001, 0.634166687018], [-0.905144816138, -0.079237748306, 0.417655701157]], "score": 16.7565, "t": [0.273117, -0.183448, 0.211639]}, {"R": [[0.341269830536, -0.44327304432000003, 0.828879738048], [-0.779762230848, 0.35890732976000006, 0.5129854785360001], [-0.5248842494400001, -0.8213965218, -0.22316358991999996]], "score": 22.5458, "t": [-0.21961, 0.10749, 0.167738]}, {"R": [[0.510756481657, -0.785352228412, -0.349783952176], [0.38691701040400006, -0.15334420833699997, 0.9092743811720001], [-0.7677383427519999, -0.599755408916, 0.22554468730300006]], "score": 29.1226, "t": [-0.091314, -0.266999, 0.156689]}]