[{"R": [[0.159297128979, -0.984660455472, -0.0711918300560001], [-0.586989426288, -0.15244969414900006, 0.795111670596], [-0.793768166824, -0.08487015212400001, -0.6022700550030001]], "score": 167.828, "t": [0.00645285, -0.167634, 0.246053]}, {"R": [[-0.16312128580699997, 0.11199657748399999, 0.9802291362159999], [0.407123970484, -0.8973607206309999, 0.17027846741199995], [0.8986893042159999, 0.426850618412, 0.10078209556899992]], "score": 193.668, "t": [-0.132525, 0.177206, 0.233669]}, {"R": [[0.6156618639889999, 0.785501576028, 0.06282590600399995], [0.00492292126799998, 0.07589173982899998, -0.997103585316], [-0.787994660676, 0.614188138164, 0.04285670149300003]], "score": 188.824, "t": [0.0396879, 0.0597523, 0.206271]}, {"R": [[-0.26652729109475, -0.605888999936, 0.749573941498], [0.529988319896, 0.5574437931207501, 0.6390369075410001], [-0.805031027222, 0.567586388299, 0.17254016327275007]], "score": 113.045, "t": [0.136904, -0.149449, 0.228586]}, {"R": [[0.0425683193059998, -0.99496268562, -0.09076385269199994], [0.443877946692, 0.1002220668599999, -0.890465490794], [0.8950760812199999, -0.002382452170000049, 0.44590808165999996]], "score": 172.235, "t": [0.118505, 0.189615, 0.19691]}, {"R": [[-0.713534785197, -0.29620501736399996, -0.634925442776], [0.657843242836, -0.5950524899009999, -0.46168649752799995], [-0.24106015442399997, -0.747110930072, 0.6194472374609999]], "score": 84.1105, "t": [-0.133699, -0.0439587, 0.221805]}, {"R": [[0.08562114454500004, 0.9411555012900001, -0.3269499177620001], [0.15715456049000004, 0.31128956033700006, 0.9372311136900001], [0.9838558687380001, -0.13162841161000005, -0.12125385574500001]], "score": 165.724, "t": [0.254897, 0.061884, 0.199401]}, {"R": [[0.22018262516699993, 0.41314636354, -0.88364737194], [-0.77532927106, -0.4755880328250001, -0.415552076808], [-0.5919350615400001, 0.776613861192, 0.21560792562500003]], "score": 45.8051, "t": [0.161595, 0.0205327, 0.154281]}, {"R": [[0.77500757887299, 0.449384931437, 0.44431522634820003], [-0.28459581302299997, -0.3795615507609901, 0.880305535977], [0.5642411365518001, -0.808693883283, -0.16627004312701002]], "score": 85.0358, "t": [-0.146904, 0.0818406, 0.151434]}, {"R": [[-0.736238487632, 0.67250885079, -0.07540465883999997], [0.16811575599000006, 0.0738288679200001, -0.982999246432], [-0.6555082833600001, -0.736398174568, -0.1674148935300001]], "score": 22.8217, "t": [0.00807957, 0.22284, 0.168154]}, {"R": [[0.09602251221583996, 0.30331097321, -0.9480401304728], [0.056792262074, -0.95255912402416, -0.29900453594480003], [-0.9937566474872, -0.02513020249520001, -0.10869294736216001]], "score": 18.724, "t": [0.274397, 0.19861, 0.165742]}, {"R": [[0.80794113474004, 0.3377570567968, 0.4828596160376], [-0.1485234919072, -0.67624878726004, 0.7215472718416], [0.5702403094904, -0.6546830253904, -0.49620383021396014]], "score": 84.3307, "t": [-0.236309, -0.174966, 0.241338]}, {"R": [[0.7865615424199999, 0.581129086404, -0.20882885775], [0.21486690761999996, 0.05948180465000001, 0.9748300845959998], [0.5789237591459999, -0.8116344415799999, -0.07807932661999999]], "score": 30.0545, "t": [-0.100941, -0.258494, 0.16593]}]