[{"R": [[0.48951228967900007, 0.859886878262, 0.14481358965400004], [0.05791134324199998, -0.1977629656310001, 0.9785370645260001], [0.870070511786, -0.47061987518600007, -0.146604701503]], "score": 203.44, "t": [0.0432846, 0.0330152, 0.276556]}, {"R": [[0.0017810192350000698, -0.41819762686799994, -0.908354149824], [-0.96749891598, -0.230415323901, 0.10418404263199993], [-0.2528682744, 0.87864623828, -0.405016187835]], "score": 115.419, "t": [0.090991, -0.15444, 0.215255]}, {"R": [[-0.7782836544059601, 0.5744892298628, 0.25344909113319997], [-0.4956013878772, -0.3141778173220401, -0.80973534391], [-0.38555619740679997, -0.755813593166, 0.52923718195796]], "score": 64.7591, "t": [-0.135092, 0.172515, 0.255849]}, {"R": [[0.15605777620274996, -0.222825088311, 0.962286268862], [0.266482125641, -0.92860035366675, -0.258241306956], [0.9511220531219999, 0.296732667436, -0.08553640672724994]], "score": 116.734, "t": [-0.031463, -0.0717576, 0.206938]}, {"R": [[0.30070445061499995, 0.50277459058, -0.8104293448400001], [0.09604855826, 0.8294732344330001, 0.550227231556], [0.9488691618800001, -0.24329620415599992, 0.20113540018300002]], "score": 72.672, "t": [0.258652, 0.165606, 0.210527]}, {"R": [[0.01780626624800008, -0.871372010048, -0.490298511994], [0.17294312038399995, 0.485669026678, -0.8568635524479999], [0.9847702716219999, -0.06953625318399997, 0.159345836152]], "score": 146.052, "t": [-0.208512, -0.0524487, 0.201009]}, {"R": [[-0.3558520957000001, -0.47747489065, -0.8033590661], [0.736653590438, 0.38566226351599997, -0.5555221692200001], [0.575073515284, -0.789481552412, 0.21449499928999993]], "score": 44.9916, "t": [0.125246, -0.0304379, 0.222176]}, {"R": [[-0.68542177611275, 0.302584173284, -0.662299891517], [0.105517019236, -0.8586933255107501, -0.501510987686], [-0.7204613014429999, -0.41363018530600004, 0.5566389514952501]], "score": 26.9376, "t": [-0.0193456, 0.0877804, 0.208397]}, {"R": [[-0.16147607516700982, -0.6931177912002, -0.7025050089732], [-0.8486759638878001, 0.4608258108489898, -0.25959345780760007], [0.5036612635787999, 0.5542809599284, -0.66264472531899]], "score": 37.5091, "t": [0.24073, 0.0274568, 0.168802]}, {"R": [[0.3738410771191099, 0.41421412982020006, 0.8298601705216], [-0.6377912105078001, -0.53480675586511, 0.5542585178257999], [0.6733970743624, -0.7364827136062, 0.06424944903911009]], "score": 83.9331, "t": [0.276238, -0.0636187, 0.189632]}, {"R": [[-0.017973768441000043, 0.8311965939500001, 0.5556889003500002], [-0.45422449645, 0.48832723155900004, -0.74512925715], [-0.8907064828500001, -0.2658001603500001, 0.368772591559]], "score": 13.6016, "t": [-0.183693, 0.105221, 0.175196]}, {"R": [[-0.81503040088, -0.57835192848, -0.035147295444000054], [0.311935990956, -0.3868530518399999, -0.86777963432], [0.48828498144, -0.718230188044, 0.49570557167999996]], "score": 18.6035, "t": [0.0956433, 0.260953, 0.145423]}, {"R": [[-0.17032825622979988, -0.09763540433799998, -0.9805387237943199], [0.0355020915436, 0.9938253481586798, -0.105125423966], [0.9847479182696799, -0.05271699050359999, -0.16581022974019996]], "score": 15.9386, "t": [-0.221173, -0.226554, 0.141287]}, {"R": [[-0.7994304490499999, 0.4292477935, -0.42030536537999996], [-0.254167679148, -0.875588013564, -0.41078428967], [-0.5443427773639999, -0.221565506202, 0.8090729129399999]], "score": 17.9238, "t": [-0.000764643, 0.270903, 0.194787]}]