[{"R": [[0.9513104694901899, -0.08848271576700001, -0.2952618219894], [-0.274474865019, -0.6790597631541899, -0.6808389900801999], [-0.1402579159506, 0.7287310827397999, -0.6702828283178099]], "score": 131.795, "t": [0.0331502, -0.117961, 0.236298]}, {"R": [[-0.71883245665699, 0.4629494988238, -0.5186127627256], [0.1613747916082, -0.61450900408099, -0.7722294978847999], [-0.6761949517383999, -0.6387941627072, 0.36702035611301004]], "score": 62.9471, "t": [0.199598, -0.0313465, 0.270124]}, {"R": [[0.009146886223000028, 0.11578200505400005, 0.993233045858], [0.993049903022, -0.11760984409700004, 0.004564678054000071], [0.11734243131400002, 0.986287723478, -0.11605301347300001]], "score": 121.962, "t": [-0.0260855, 0.0720906, 0.268179]}, {"R": [[0.4998767730080002, -0.440887707824, -0.7454804855560001], [0.12745357560400003, 0.888811545296, -0.44019261291199996], [0.856667211536, 0.125027914828, 0.5004889835360001]], "score": 114.496, "t": [0.128485, 0.0338737, 0.228149]}, {"R": [[-0.475651381437, -0.8774307262660002, 0.06220324843799996], [0.545719179038, -0.23889161913299994, 0.803193334206], [-0.689887310466, 0.41598590731800006, 0.592460449267]], "score": 48.406, "t": [0.0822422, 0.163401, 0.228512]}, {"R": [[0.23527363706399995, -0.14777286837600007, 0.960629747542], [-0.801221994376, 0.529992875478, 0.27776048037599993], [-0.5501723804580001, -0.835027393624, 0.006294479063999929]], "score": 108.88, "t": [0.201094, 0.180006, 0.266709]}, {"R": [[0.326668171576, 0.9010862641240001, 0.285186564968], [-0.13816791858400007, -0.2529695762319999, 0.9575572809640001], [0.9349852718120001, -0.3522071331760001, 0.04186410618400005]], "score": 142.083, "t": [-0.141674, 0.16309, 0.16459]}, {"R": [[0.256756896975, 0.94689650559, -0.19355484013400015], [0.5306398010340001, 0.029267599745000074, 0.8470923100500001], [0.8077734026300001, -0.320204603166, -0.49494617353500003]], "score": 178.499, "t": [-0.176783, -0.18163, 0.280764]}, {"R": [[-0.520021238475, -0.4509913614500001, -0.725385434322], [0.8113475645300001, 0.004661686346999927, -0.58454488545], [0.26700630322200003, -0.89251576203, 0.3634866895250001]], "score": 56.8365, "t": [-0.0456568, -0.0142655, 0.217111]}, {"R": [[0.5524242314670001, -0.08071170428000002, -0.8296456387800001], [-0.45612911252000005, 0.803795655555, -0.38191304440800006], [0.6976908325800001, 0.589403903592, 0.40722148424500004]], "score": 88.2072, "t": [-0.150983, 0.0166788, 0.181889]}, {"R": [[0.8851252109430001, 0.017119877411999995, -0.46503535554400005], [0.454166683484, 0.18598939770299996, 0.8712853600920002], [0.10140806536800001, -0.9824013766760001, 0.156848814273]], "score": 18.4395, "t": [-0.0769675, -0.1579, 0.199859]}, {"R": [[0.41343647554259, -0.6383694670019999, -0.6492729387317999], [-0.4999719981419999, 0.43679282097259, -0.7478239614372], [0.7609854968681999, 0.6337957871627999, -0.13858072885458994]], "score": 108.883, "t": [-0.0283118, 0.183696, 0.222559]}, {"R": [[-0.10420020540899994, 0.8473831186180001, 0.520658156406], [-0.990316573978, -0.13669149707099987, 0.024274807745999993], [0.09173957082599996, -0.513086769726, 0.853420509617]], "score": 16.9555, "t": [0.203368, -0.218675, 0.154109]}, {"R": [[-0.474801928537, -0.0031935349220000298, 0.880085613926], [0.704745339754, 0.597596008937, 0.38237517446200003], [-0.527157369862, 0.801789604126, -0.281489424247]], "score": 49.2645, "t": [0.0718004, -0.229848, 0.295016]}]